800 1 40167


106 60 94 45 59 75 24 86 96 84 86 49 75 63 108 74 80 90 64 86 79 86 107 89 40 
41 104 80 62 65 21 27 82 53 64 58 63 26 102 52 106 39 48 110 56 98 57 94 54 102 
75 62 51 25 39 21 78 51 76 30 107 74 48 61 24 46 74 78 53 52 71 56 48 50 20 
64 58 46 109 78 37 37 35 86 80 26 34 75 93 88 100 75 109 68 45 109 66 73 65 73 
101 97 51 73 49 73 96 34 37 53 70 95 35 95 101 29 80 65 36 99 92 35 31 71 69 
89 67 68 58 107 25 35 37 102 32 46 107 76 35 46 25 36 106 65 77 33 67 43 89 79 
61 38 86 66 86 53 35 58 71 71 98 74 42 55 42 41 77 95 58 41 95 78 93 90 48 
21 81 48 50 57 77 110 97 77 94 50 22 73 67 104 104 35 103 80 109 37 21 80 64 41 
94 96 96 59 87 85 60 64 41 81 81 93 66 85 31 25 69 30 81 78 78 96 21 93 57 
60 21 71 40 44 83 50 94 69 110 24 75 62 71 105 44 76 93 107 40 80 93 71 62 47 
76 81 53 72 60 27 48 61 104 107 52 83 69 61 83 110 82 102 37 82 90 83 61 38 81 
92 54 83 89 104 61 53 61 50 25 65 28 105 60 97 39 81 34 30 80 54 62 102 72 105 
103 95 69 68 82 60 55 61 79 52 59 58 51 27 39 65 99 31 71 32 60 27 45 80 51 
87 65 60 78 39 52 73 57 55 69 71 54 56 60 61 46 21 89 108 22 63 94 25 81 71 
36 84 83 39 96 33 30 102 77 43 76 35 47 53 27 81 48 85 22 43 75 37 63 105 30 
56 59 76 54 77 81 23 20 83 74 30 95 57 47 97 107 90 79 99 30 36 60 109 90 35 
105 47 92 91 32 83 61 47 56 24 101 96 46 97 71 89 47 88 22 26 20 21 103 87 45 
103 37 107 81 38 86 99 24 57 71 88 61 55 89 49 80 104 80 67 97 91 48 71 98 70 
57 37 67 61 75 63 105 83 79 83 91 107 65 106 54 31 81 100 37 36 66 99 79 110 64 
101 82 100 71 77 70 44 79 96 107 94 33 85 70 98 28 26 44 85 22 39 96 90 65 106 
25 47 35 92 53 31 34 109 53 88 80 99 47 21 53 21 26 58 42 86 29 50 29 77 41 
52 69 109 25 72 61 99 70 58 87 38 90 30 74 26 46 21 39 104 68 34 100 20 92 63 
93 33 44 74 61 85 41 56 74 59 44 60 60 94 38 94 40 23 32 45 57 63 69 60 67 
20 83 42 24 23 101 78 38 71 77 76 76 62 108 24 109 66 27 67 53 57 71 20 67 92 
32 54 99 57 22 44 107 76 85 93 68 106 21 40 71 21 61 97 101 21 24 76 61 35 37 
38 98 87 47 48 43 80 86 66 27 25 78 80 84 31 94 83 50 105 100 105 80 37 31 102 
38 97 32 99 21 98 99 54 90 106 28 42 85 67 67 76 73 62 50 98 33 76 91 39 103 
74 74 21 21 54 41 20 20 64 103 44 52 45 104 30 70 66 103 59 43 54 82 76 29 21 
44 65 101 89 82 93 32 58 36 74 57 37 43 84 90 42 26 40 62 71 48 66 21 32 89 
38 101 38 108 28 102 94 88 83 43 63 64 84 40 54 94 37 98 33 34 35 84 101 61 106 
21 94 47 110 23 41 59 92 109 99 102 57 91 60 94 43 54 79 32 74 101 66 89 91 94 
87 78 80 91 75 41 101 103 93 66 74 62 109 35 24 88 45 101 68 50 49 75 102 45 104 


96 50 84 35 49 65 14 76 86 74 76 39 65 53 98 64 70 80 54 76 69 76 97 79 30 
31 94 70 52 55 11 17 72 43 54 48 53 16 92 42 96 29 38 100 46 88 47 84 44 92 
65 52 41 15 29 11 68 41 66 20 97 64 38 51 14 36 64 68 43 42 61 46 38 40 10 
54 48 36 99 68 27 27 25 76 70 16 24 65 83 78 90 65 99 58 35 99 56 63 55 63 
91 87 41 63 39 63 86 24 27 43 60 85 25 85 91 19 70 55 26 89 82 25 21 61 59 
79 57 58 48 97 15 25 27 92 22 36 97 66 25 36 15 26 96 55 67 23 57 33 79 69 
51 28 76 56 76 43 25 48 61 61 88 64 32 45 32 31 67 85 48 31 85 68 83 80 38 
11 71 38 40 47 67 100 87 67 84 40 12 63 57 94 94 25 93 70 99 27 11 70 54 31 
84 86 86 49 77 75 50 54 31 71 71 83 56 75 21 15 59 20 71 68 68 86 11 83 47 
50 11 61 30 34 73 40 84 59 100 14 65 52 61 95 34 66 83 97 30 70 83 61 52 37 
66 71 43 62 50 17 38 51 94 97 42 73 59 51 73 100 72 92 27 72 80 73 51 28 71 
82 44 73 79 94 51 43 51 40 15 55 18 95 50 87 29 71 24 20 70 44 52 92 62 95 
93 85 59 58 72 50 45 51 69 42 49 48 41 17 29 55 89 21 61 22 50 17 35 70 41 
77 55 50 68 29 42 63 47 45 59 61 44 46 50 51 36 11 79 98 12 53 84 15 71 61 
26 74 73 29 86 23 20 92 67 33 66 25 37 43 17 71 38 75 12 33 65 27 53 95 20 
46 49 66 44 67 71 13 10 73 64 20 85 47 37 87 97 80 69 89 20 26 50 99 80 25 
95 37 82 81 22 73 51 37 46 14 91 86 36 87 61 79 37 78 12 16 10 11 93 77 35 
93 27 97 71 28 76 89 14 47 61 78 51 45 79 39 70 94 70 57 87 81 38 61 88 60 
47 27 57 51 65 53 95 73 69 73 81 97 55 96 44 21 71 90 27 26 56 89 69 100 54 
91 72 90 61 67 60 34 69 86 97 84 23 75 60 88 18 16 34 75 12 29 86 80 55 96 
15 37 25 82 43 21 24 99 43 78 70 89 37 11 43 11 16 48 32 76 19 40 19 67 31 
42 59 99 15 62 51 89 60 48 77 28 80 20 64 16 36 11 29 94 58 24 90 10 82 53 
83 23 34 64 51 75 31 46 64 49 34 50 50 84 28 84 30 13 22 35 47 53 59 50 57 
10 73 32 14 13 91 68 28 61 67 66 66 52 98 14 99 56 17 57 43 47 61 10 57 82 
22 44 89 47 12 34 97 66 75 83 58 96 11 30 61 11 51 87 91 11 14 66 51 25 27 
28 88 77 37 38 33 70 76 56 17 15 68 70 74 21 84 73 40 95 90 95 70 27 21 92 
28 87 22 89 11 88 89 44 80 96 18 32 75 57 57 66 63 52 40 88 23 66 81 29 93 
64 64 11 11 44 31 10 10 54 93 34 42 35 94 20 60 56 93 49 33 44 72 66 19 11 
34 55 91 79 72 83 22 48 26 64 47 27 33 74 80 32 16 30 52 61 38 56 11 22 79 
28 91 28 98 18 92 84 78 73 33 53 54 74 30 44 84 27 88 23 24 25 74 91 51 96 
11 84 37 100 13 31 49 82 99 89 92 47 81 50 84 33 44 69 22 64 91 56 79 81 84 
77 68 70 81 65 31 91 93 83 56 64 52 99 25 14 78 35 91 58 40 39 65 92 35 94 


33367