1000 1 49443




38 39 107 37 108 34 100 28 88 23 26 109 21 66 81 109 77 28 48 78 99 41 57 34 50 
81 79 81 110 64 57 61 77 54 53 85 82 78 100 73 74 89 46 20 110 21 96 96 104 46 
104 24 25 84 94 28 92 60 61 83 89 41 87 76 25 52 24 81 59 65 104 86 93 38 56 
51 40 74 99 78 60 32 26 23 105 79 93 22 24 100 41 30 109 81 59 77 83 20 20 23 
74 80 55 63 47 99 25 54 71 63 93 105 29 106 64 60 96 56 94 95 26 54 78 82 46 
76 48 39 65 80 55 54 42 53 31 54 31 101 35 101 78 35 94 88 30 77 63 30 56 39 
20 47 36 46 52 43 53 104 92 64 47 82 89 95 89 42 23 31 34 74 88 108 39 54 71 
109 85 26 25 105 52 64 77 92 106 53 47 73 75 79 62 48 96 70 40 90 91 102 102 99 
101 106 20 43 64 87 108 99 54 53 84 78 82 97 108 65 94 41 67 56 93 57 33 105 43 
83 31 91 36 28 79 51 78 43 49 35 62 108 30 35 26 41 26 103 47 69 107 38 63 73 
60 26 21 103 81 105 42 92 51 90 94 103 70 79 32 89 73 50 60 77 64 37 97 21 67 
83 31 99 31 66 95 73 59 108 47 62 41 90 30 88 24 104 72 24 105 60 68 84 94 31 
75 35 52 21 40 62 67 109 63 36 85 80 75 63 48 35 50 32 107 20 77 65 27 25 20 
47 102 85 53 85 77 34 28 53 82 110 50 109 82 62 90 38 98 21 94 27 63 94 28 49 
97 32 108 83 26 25 64 68 89 44 52 63 24 32 50 38 53 49 70 82 69 54 51 83 52 
30 76 34 100 107 69 65 69 54 61 86 62 109 62 20 42 108 64 105 109 39 67 34 33 110 
46 44 34 74 38 61 96 45 101 96 79 84 38 26 50 56 85 59 101 26 44 94 69 25 105 
28 40 48 34 34 98 93 53 36 100 82 41 103 72 42 63 78 43 76 24 46 38 104 25 59 
56 84 22 48 78 97 98 25 53 83 20 85 80 71 110 66 91 109 83 87 94 55 59 85 105 
50 69 52 41 20 62 75 69 103 88 79 98 62 43 102 76 62 107 105 94 57 24 69 23 65 
105 105 22 20 50 91 71 96 66 108 106 57 24 41 51 76 41 106 61 43 67 47 83 83 108 
96 50 92 56 45 79 75 33 28 56 75 58 61 21 45 110 48 61 36 84 103 94 20 40 107 
43 84 110 79 24 20 29 35 86 31 91 106 92 55 28 52 91 50 76 46 54 82 96 76 85 
23 105 30 27 28 31 34 26 20 85 20 100 46 88 41 45 77 20 67 27 78 100 100 66 78 
20 72 76 89 57 65 57 94 74 101 92 83 83 72 102 81 80 35 53 99 35 27 21 72 98 
72 100 32 108 94 23 70 32 107 35 78 47 43 57 49 66 68 95 90 27 91 65 28 46 22 
87 88 48 85 99 40 44 100 56 23 36 95 84 37 72 45 103 78 95 87 53 59 54 101 53 
93 54 32 91 22 49 91 66 86 63 68 108 85 66 36 72 91 49 48 31 90 51 108 28 28 
78 86 40 41 86 101 55 107 82 28 39 47 86 84 87 94 49 22 74 60 51 103 76 46 50 
42 34 56 37 97 48 22 30 109 79 69 110 76 98 30 105 87 52 91 73 90 34 80 94 20 
33 107 32 43 86 42 73 24 38 106 25 60 110 87 54 60 59 87 23 77 33 55 61 110 94 
79 37 41 84 106 59 70 54 73 61 73 20 33 110 98 58 73 47 97 68 33 108 96 26 22 
106 90 104 108 79 96 38 57 106 68 57 46 38 98 97 110 30 36 82 38 78 26 94 108 58 
94 75 55 77 87 36 27 56 43 26 36 82 94 64 94 75 49 57 92 81 28 48 69 103 23 
104 34 66 69 51 66 104 58 66 64 25 64 25 102 42 105 76 98 103 42 104 31 28 107 81 
48 22 28 97 100 61 43 54 77 57 26 27 69 21 101 102 101 76 55 85 64 30 46 71 49 
44 46 21 92 51 49 38 102 56 46 48 37 37 77 74 94 107 25 62 56 34 34 74 106 70 
68 108 34 80 25 54 24 80 64 46 105 108 74 105 32 82 21 56 28 55 45 28 36 48 58 
34 106 96 81 85 100 75 107 88 88 109 53 46 23 34 48 30 47 104 57 31 68 86 44 33 
39 40 100 94 107 89 69 34 31 28 70 32 28 45 100 70 56 33 81 33 22 89 69 25 25 


28 29 97 27 98 24 90 18 78 13 16 99 11 56 71 99 67 18 38 68 89 31 47 24 40 
71 69 71 100 54 47 51 67 44 43 75 72 68 90 63 64 79 36 10 100 11 86 86 94 36 
94 14 15 74 84 18 82 50 51 73 79 31 77 66 15 42 14 71 49 55 94 76 83 28 46 
41 30 64 89 68 50 22 16 13 95 69 83 12 14 90 31 20 99 71 49 67 73 10 10 13 
64 70 45 53 37 89 15 44 61 53 83 95 19 96 54 50 86 46 84 85 16 44 68 72 36 
66 38 29 55 70 45 44 32 43 21 44 21 91 25 91 68 25 84 78 20 67 53 20 46 29 
10 37 26 36 42 33 43 94 82 54 37 72 79 85 79 32 13 21 24 64 78 98 29 44 61 
99 75 16 15 95 42 54 67 82 96 43 37 63 65 69 52 38 86 60 30 80 81 92 92 89 
91 96 10 33 54 77 98 89 44 43 74 68 72 87 98 55 84 31 57 46 83 47 23 95 33 
73 21 81 26 18 69 41 68 33 39 25 52 98 20 25 16 31 16 93 37 59 97 28 53 63 
50 16 11 93 71 95 32 82 41 80 84 93 60 69 22 79 63 40 50 67 54 27 87 11 57 
73 21 89 21 56 85 63 49 98 37 52 31 80 20 78 14 94 62 14 95 50 58 74 84 21 
65 25 42 11 30 52 57 99 53 26 75 70 65 53 38 25 40 22 97 10 67 55 17 15 10 
37 92 75 43 75 67 24 18 43 72 100 40 99 72 52 80 28 88 11 84 17 53 84 18 39 
87 22 98 73 16 15 54 58 79 34 42 53 14 22 40 28 43 39 60 72 59 44 41 73 42 
20 66 24 90 97 59 55 59 44 51 76 52 99 52 10 32 98 54 95 99 29 57 24 23 100 
36 34 24 64 28 51 86 35 91 86 69 74 28 16 40 46 75 49 91 16 34 84 59 15 95 
18 30 38 24 24 88 83 43 26 90 72 31 93 62 32 53 68 33 66 14 36 28 94 15 49 
46 74 12 38 68 87 88 15 43 73 10 75 70 61 100 56 81 99 73 77 84 45 49 75 95 
40 59 42 31 10 52 65 59 93 78 69 88 52 33 92 66 52 97 95 84 47 14 59 13 55 
95 95 12 10 40 81 61 86 56 98 96 47 14 31 41 66 31 96 51 33 57 37 73 73 98 
86 40 82 46 35 69 65 23 18 46 65 48 51 11 35 100 38 51 26 74 93 84 10 30 97 
33 74 100 69 14 10 19 25 76 21 81 96 82 45 18 42 81 40 66 36 44 72 86 66 75 
13 95 20 17 18 21 24 16 10 75 10 90 36 78 31 35 67 10 57 17 68 90 90 56 68 
10 62 66 79 47 55 47 84 64 91 82 73 73 62 92 71 70 25 43 89 25 17 11 62 88 
62 90 22 98 84 13 60 22 97 25 68 37 33 47 39 56 58 85 80 17 81 55 18 36 12 
77 78 38 75 89 30 34 90 46 13 26 85 74 27 62 35 93 68 85 77 43 49 44 91 43 
83 44 22 81 12 39 81 56 76 53 58 98 75 56 26 62 81 39 38 21 80 41 98 18 18 
68 76 30 31 76 91 45 97 72 18 29 37 76 74 77 84 39 12 64 50 41 93 66 36 40 
32 24 46 27 87 38 12 20 99 69 59 100 66 88 20 95 77 42 81 63 80 24 70 84 10 
23 97 22 33 76 32 63 14 28 96 15 50 100 77 44 50 49 77 13 67 23 45 51 100 84 
69 27 31 74 96 49 60 44 63 51 63 10 23 100 88 48 63 37 87 58 23 98 86 16 12 
96 80 94 98 69 86 28 47 96 58 47 36 28 88 87 100 20 26 72 28 68 16 84 98 48 
84 65 45 67 77 26 17 46 33 16 26 72 84 54 84 65 39 47 82 71 18 38 59 93 13 
94 24 56 59 41 56 94 48 56 54 15 54 15 92 32 95 66 88 93 32 94 21 18 97 71 
38 12 18 87 90 51 33 44 67 47 16 17 59 11 91 92 91 66 45 75 54 20 36 61 39 
34 36 11 82 41 39 28 92 46 36 38 27 27 67 64 84 97 15 52 46 24 24 64 96 60 
58 98 24 70 15 44 14 70 54 36 95 98 64 95 22 72 11 46 18 45 35 18 26 38 48 
24 96 86 71 75 90 65 97 78 78 99 43 36 13 24 38 20 37 94 47 21 58 76 34 23 
29 30 90 84 97 79 59 24 21 18 60 22 18 35 90 60 46 23 71 23 12 79 59 15 15 



40883