1200 1 60640 


76 43 92 79 43 51 76 81 21 45 65 95 30 44 61 101 61 47 60 40 80 48 44 58 48 
77 40 59 20 54 36 44 51 66 49 57 20 65 41 87 81 34 77 108 75 74 77 73 25 37 
36 67 41 109 50 26 110 109 99 63 92 24 46 58 80 31 62 67 108 24 56 73 44 92 41 
57 71 77 57 48 48 89 52 92 40 101 65 30 74 22 63 94 48 78 87 32 24 91 70 40 
84 95 53 51 106 50 63 21 92 107 66 46 65 58 51 108 97 62 28 64 47 99 33 90 27 
59 46 59 80 68 54 106 93 37 47 55 21 54 89 27 65 107 32 90 109 61 86 90 110 31 
39 42 47 60 83 106 52 109 85 90 104 92 44 22 25 56 93 89 56 109 65 21 67 28 68 
73 41 59 96 99 85 27 48 39 101 45 26 107 83 89 109 44 32 45 32 89 87 73 85 82 
96 70 82 68 109 90 106 54 91 43 90 48 61 88 77 89 38 59 40 104 105 46 67 110 85 
100 39 66 43 100 76 82 88 35 33 86 50 42 106 68 109 104 98 33 21 79 88 32 29 105 
100 80 110 34 56 79 76 60 38 51 103 94 95 55 110 41 55 62 28 86 106 29 48 61 20 
107 48 36 70 77 88 101 29 62 86 29 20 47 25 47 62 25 46 83 86 62 40 98 32 72 
90 62 70 107 55 33 21 110 26 23 100 64 23 54 36 23 23 25 81 26 44 64 59 84 70 
53 66 64 106 97 74 47 68 74 69 74 75 109 79 71 87 20 79 61 92 26 99 25 47 82 
26 82 56 86 67 101 107 32 37 70 21 54 63 83 62 97 94 77 68 61 37 72 100 25 89 
29 37 64 40 93 35 29 31 105 80 41 38 74 28 55 67 103 86 47 39 51 58 43 35 95 
105 44 108 65 55 94 74 98 47 73 31 101 66 106 22 33 87 106 56 86 103 94 46 37 68 
66 104 95 20 107 26 62 84 62 82 100 109 108 68 51 90 38 53 33 72 21 83 40 81 51 
39 41 31 48 22 106 85 110 95 89 94 103 42 102 108 60 41 26 91 91 109 60 73 55 26 
58 31 96 87 106 48 98 94 47 101 89 55 80 48 72 35 101 98 38 27 35 62 71 26 44 
95 57 91 91 85 20 36 91 84 107 93 80 33 85 90 43 91 46 64 54 56 100 98 81 110 
32 77 51 56 78 89 62 89 26 102 82 69 56 54 77 86 36 70 47 38 56 78 39 97 55 
49 36 87 56 60 48 102 102 88 36 76 39 32 101 86 25 66 91 33 78 91 33 47 28 91 
94 56 25 42 35 85 22 29 62 109 53 47 51 26 33 30 25 26 107 31 66 39 73 55 99 
46 82 70 28 96 27 89 39 105 101 38 21 70 44 57 94 32 77 87 66 71 31 102 54 27 
27 49 91 74 108 96 92 97 21 22 45 20 23 76 26 61 22 23 67 29 83 68 67 66 64 
104 104 32 95 32 85 48 87 24 45 63 109 41 81 100 102 99 22 101 22 45 96 80 101 96 
35 88 70 46 42 99 41 56 87 37 56 93 56 87 95 101 75 85 84 24 109 41 81 78 62 
55 56 38 62 102 99 64 47 77 75 83 90 30 104 48 38 50 100 55 36 40 22 106 38 74 
64 37 98 24 81 89 82 63 104 39 49 102 60 75 101 99 82 105 78 66 65 33 76 26 38 
93 56 43 27 76 80 105 33 61 110 24 31 24 87 88 41 39 104 47 78 59 63 61 92 67 
56 34 45 66 66 102 59 64 66 21 90 28 110 77 33 82 41 88 27 66 66 99 78 58 34 
92 25 46 85 20 94 65 68 58 60 70 70 83 35 85 107 60 54 100 74 24 98 109 101 87 
21 30 86 23 40 95 28 66 57 33 26 20 75 44 96 58 50 95 28 50 107 110 58 110 64 
107 22 65 109 109 78 70 40 55 76 65 31 76 93 91 35 44 82 106 85 25 88 108 56 79 
97 98 24 65 98 34 59 105 97 88 96 25 95 56 110 56 88 70 76 30 66 100 67 51 23 
109 57 37 83 21 91 36 67 94 45 61 89 109 80 73 81 57 27 89 67 84 53 69 48 50 
42 92 85 93 64 86 33 61 103 67 90 26 59 46 52 64 106 70 76 110 76 85 54 53 59 
63 94 108 67 57 71 104 90 96 48 64 85 97 107 54 54 96 81 72 48 40 45 97 76 28 
49 55 84 65 90 85 32 86 98 36 83 32 56 72 109 71 101 58 45 66 77 91 69 74 81 
25 95 92 88 64 41 110 74 90 90 109 76 58 107 100 64 43 34 29 94 33 38 94 82 22 
46 50 38 41 67 64 82 25 59 93 52 62 101 66 36 34 67 83 85 47 48 59 64 108 49 
81 37 90 105 91 58 107 26 59 85 76 66 51 98 42 79 50 67 96 84 79 77 30 45 24 
106 66 99 28 73 92 90 77 40 24 66 51 93 40 42 86 79 92 94 99 96 70 33 35 53 
23 39 93 69 31 89 20 99 21 75 94 27 110 42 35 20 55 90 69 79 21 42 91 103 54 
94 72 88 102 29 41 49 58 54 50 64 43 91 101 50 102 29 104 53 98 56 79 44 43 50 
40 109 102 98 80 77 69 84 96 73 86 67 97 84 56 80 62 86 65 104 92 32 70 54 101 
110 62 58 77 110 41 47 26 46 103 84 32 80 108 76 24 70 28 50 105 34 66 32 78 41 


66 33 82 69 33 41 66 71 11 35 55 85 20 34 51 91 51 37 50 30 70 38 34 48 38 
67 30 49 10 44 26 34 41 56 39 47 10 55 31 77 71 24 67 98 65 64 67 63 15 27 
26 57 31 99 40 16 100 99 89 53 82 14 36 48 70 21 52 57 98 14 46 63 34 82 31 
47 61 67 47 38 38 79 42 82 30 91 55 20 64 12 53 84 38 68 77 22 14 81 60 30 
74 85 43 41 96 40 53 11 82 97 56 36 55 48 41 98 87 52 18 54 37 89 23 80 17 
49 36 49 70 58 44 96 83 27 37 45 11 44 79 17 55 97 22 80 99 51 76 80 100 21 
29 32 37 50 73 96 42 99 75 80 94 82 34 12 15 46 83 79 46 99 55 11 57 18 58 
63 31 49 86 89 75 17 38 29 91 35 16 97 73 79 99 34 22 35 22 79 77 63 75 72 
86 60 72 58 99 80 96 44 81 33 80 38 51 78 67 79 28 49 30 94 95 36 57 100 75 
90 29 56 33 90 66 72 78 25 23 76 40 32 96 58 99 94 88 23 11 69 78 22 19 95 
90 70 100 24 46 69 66 50 28 41 93 84 85 45 100 31 45 52 18 76 96 19 38 51 10 
97 38 26 60 67 78 91 19 52 76 19 10 37 15 37 52 15 36 73 76 52 30 88 22 62 
80 52 60 97 45 23 11 100 16 13 90 54 13 44 26 13 13 15 71 16 34 54 49 74 60 
43 56 54 96 87 64 37 58 64 59 64 65 99 69 61 77 10 69 51 82 16 89 15 37 72 
16 72 46 76 57 91 97 22 27 60 11 44 53 73 52 87 84 67 58 51 27 62 90 15 79 
19 27 54 30 83 25 19 21 95 70 31 28 64 18 45 57 93 76 37 29 41 48 33 25 85 
95 34 98 55 45 84 64 88 37 63 21 91 56 96 12 23 77 96 46 76 93 84 36 27 58 
56 94 85 10 97 16 52 74 52 72 90 99 98 58 41 80 28 43 23 62 11 73 30 71 41 
29 31 21 38 12 96 75 100 85 79 84 93 32 92 98 50 31 16 81 81 99 50 63 45 16 
48 21 86 77 96 38 88 84 37 91 79 45 70 38 62 25 91 88 28 17 25 52 61 16 34 
85 47 81 81 75 10 26 81 74 97 83 70 23 75 80 33 81 36 54 44 46 90 88 71 100 
22 67 41 46 68 79 52 79 16 92 72 59 46 44 67 76 26 60 37 28 46 68 29 87 45 
39 26 77 46 50 38 92 92 78 26 66 29 22 91 76 15 56 81 23 68 81 23 37 18 81 
84 46 15 32 25 75 12 19 52 99 43 37 41 16 23 20 15 16 97 21 56 29 63 45 89 
36 72 60 18 86 17 79 29 95 91 28 11 60 34 47 84 22 67 77 56 61 21 92 44 17 
17 39 81 64 98 86 82 87 11 12 35 10 13 66 16 51 12 13 57 19 73 58 57 56 54 
94 94 22 85 22 75 38 77 14 35 53 99 31 71 90 92 89 12 91 12 35 86 70 91 86 
25 78 60 36 32 89 31 46 77 27 46 83 46 77 85 91 65 75 74 14 99 31 71 68 52 
45 46 28 52 92 89 54 37 67 65 73 80 20 94 38 28 40 90 45 26 30 12 96 28 64 
54 27 88 14 71 79 72 53 94 29 39 92 50 65 91 89 72 95 68 56 55 23 66 16 28 
83 46 33 17 66 70 95 23 51 100 14 21 14 77 78 31 29 94 37 68 49 53 51 82 57 
46 24 35 56 56 92 49 54 56 11 80 18 100 67 23 72 31 78 17 56 56 89 68 48 24 
82 15 36 75 10 84 55 58 48 50 60 60 73 25 75 97 50 44 90 64 14 88 99 91 77 
11 20 76 13 30 85 18 56 47 23 16 10 65 34 86 48 40 85 18 40 97 100 48 100 54 
97 12 55 99 99 68 60 30 45 66 55 21 66 83 81 25 34 72 96 75 15 78 98 46 69 
87 88 14 55 88 24 49 95 87 78 86 15 85 46 100 46 78 60 66 20 56 90 57 41 13 
99 47 27 73 11 81 26 57 84 35 51 79 99 70 63 71 47 17 79 57 74 43 59 38 40 
32 82 75 83 54 76 23 51 93 57 80 16 49 36 42 54 96 60 66 100 66 75 44 43 49 
53 84 98 57 47 61 94 80 86 38 54 75 87 97 44 44 86 71 62 38 30 35 87 66 18 
39 45 74 55 80 75 22 76 88 26 73 22 46 62 99 61 91 48 35 56 67 81 59 64 71 
15 85 82 78 54 31 100 64 80 80 99 66 48 97 90 54 33 24 19 84 23 28 84 72 12 
36 40 28 31 57 54 72 15 49 83 42 52 91 56 26 24 57 73 75 37 38 49 54 98 39 
71 27 80 95 81 48 97 16 49 75 66 56 41 88 32 69 40 57 86 74 69 67 20 35 14 
96 56 89 18 63 82 80 67 30 14 56 41 83 30 32 76 69 82 84 89 86 60 23 25 43 
13 29 83 59 21 79 10 89 11 65 84 17 100 32 25 10 45 80 59 69 11 32 81 93 44 
84 62 78 92 19 31 39 48 44 40 54 33 81 91 40 92 19 94 43 88 46 69 34 33 40 
30 99 92 88 70 67 59 74 86 63 76 57 87 74 46 70 52 76 55 94 82 22 60 44 91 
100 52 48 67 100 31 37 16 36 93 74 22 70 98 66 14 60 18 40 95 24 56 22 68 31 



50430