1500 1 74932



27 86 66 65 92 21 34 21 71 38 91 83 76 76 97 44 96 88 110 25 44 79 91 87 27 
47 43 62 28 34 78 90 54 64 93 59 45 69 102 38 86 42 82 106 102 86 98 41 42 95 
36 62 42 108 34 55 70 79 110 65 84 62 66 75 63 101 53 74 35 104 91 36 94 79 77 
85 98 71 58 34 49 80 22 22 89 106 78 21 110 54 66 107 31 53 96 98 25 21 79 51 
91 95 89 44 103 44 99 75 43 40 84 23 58 103 58 70 62 55 51 57 28 49 71 100 53 
50 63 51 105 90 66 75 67 49 92 32 101 21 20 65 100 68 81 94 49 37 36 62 66 29 
91 50 60 40 59 61 105 76 31 23 49 107 22 104 28 97 24 93 89 75 108 76 39 110 56 
90 69 66 37 43 93 45 32 87 86 91 37 63 41 72 74 76 28 78 74 94 65 66 28 102 
29 71 34 45 76 62 89 61 77 106 46 34 67 109 21 63 80 45 85 105 83 85 33 59 29 
49 104 109 81 109 67 33 57 37 50 92 39 106 84 20 21 89 23 99 45 33 25 94 90 74 
43 44 47 74 77 38 76 102 62 49 39 70 90 86 70 45 81 61 101 98 84 30 55 100 53 
55 46 34 55 41 72 76 56 44 70 55 100 34 101 30 72 49 68 102 61 67 67 21 53 40 
101 75 105 105 91 74 93 37 20 86 104 48 76 60 83 95 109 44 80 74 103 99 36 106 52 
89 101 81 95 20 79 48 94 30 47 109 61 88 109 88 84 66 29 79 92 39 68 88 69 96 
42 85 58 24 92 72 51 58 70 94 88 61 33 91 42 51 94 69 26 78 72 63 80 104 86 
61 38 95 95 38 89 43 55 101 93 76 73 73 70 42 56 55 105 74 83 34 20 42 64 30 
44 29 35 55 38 34 103 85 102 64 25 84 104 38 107 69 63 33 86 75 55 83 101 56 52 
58 87 60 60 108 96 84 75 83 59 50 84 62 68 51 37 85 69 67 82 41 75 45 47 59 
83 89 88 20 76 110 84 27 41 32 41 43 91 28 63 59 72 38 101 91 88 43 60 46 89 
94 45 76 45 25 80 33 31 68 72 68 30 76 60 98 57 40 72 101 106 30 57 29 99 88 
95 96 43 46 32 31 84 53 93 38 81 29 24 48 30 38 40 43 61 102 56 103 99 87 106 
56 76 51 59 57 73 26 70 83 58 40 30 27 91 55 46 52 79 56 101 59 88 101 84 104 
79 76 75 83 90 33 24 87 20 38 80 51 62 92 97 43 78 20 74 75 109 29 21 82 62 
33 106 50 20 34 106 67 109 45 82 30 86 58 70 87 48 78 21 107 32 65 26 67 31 48 
50 46 77 41 22 87 79 64 35 95 97 54 110 83 89 69 24 86 98 98 108 77 23 87 55 
21 77 67 56 97 99 41 20 38 45 35 84 69 25 41 95 110 29 86 59 52 34 25 53 32 
89 68 67 27 43 34 32 91 28 53 75 52 105 47 88 47 55 90 53 91 39 100 25 61 33 
61 99 77 100 55 63 41 51 23 70 77 21 29 24 41 99 47 87 95 105 108 59 63 53 105 
23 73 106 59 82 51 99 46 55 50 90 35 35 102 61 88 42 33 66 88 84 101 54 38 78 
29 74 40 48 99 47 98 95 41 102 69 98 53 46 23 49 24 21 103 86 88 109 65 71 63 
107 64 110 95 81 23 79 28 30 41 57 70 82 98 67 43 70 24 32 79 110 52 59 110 43 
75 105 99 82 32 54 99 54 59 56 39 23 109 55 56 86 78 54 58 71 22 82 94 69 109 
42 51 76 68 72 32 107 78 45 49 77 35 24 60 101 59 39 59 103 57 38 75 60 98 80 
104 38 39 36 82 33 106 23 97 55 95 35 28 58 35 48 40 23 100 32 106 28 103 34 61 
59 28 103 101 48 54 100 49 23 45 89 28 27 109 22 102 26 96 89 58 102 85 64 85 46 
24 79 32 93 66 77 68 107 109 78 89 88 81 74 73 83 69 91 29 57 34 91 88 88 51 
102 75 108 55 60 91 93 80 106 46 83 42 103 37 71 88 51 98 54 58 61 69 51 37 103 
109 93 76 63 67 58 42 27 109 107 94 89 26 72 73 44 25 84 32 77 71 26 68 75 79 
79 62 78 75 53 35 53 43 94 56 37 69 73 107 51 75 78 74 97 39 63 41 22 21 31 
86 28 21 79 79 53 81 32 23 39 37 106 40 81 70 35 108 88 25 22 29 85 39 100 67 
64 29 91 89 99 108 37 45 46 22 39 110 108 21 56 33 64 38 55 29 71 79 67 31 103 
82 99 101 60 98 61 37 90 85 89 89 24 56 57 106 82 57 28 44 25 90 38 100 79 96 
53 25 20 78 68 99 70 84 29 60 103 109 66 75 99 39 109 40 85 84 69 58 42 44 36 
56 97 66 45 107 33 21 74 105 28 41 48 66 43 109 89 69 34 66 68 95 36 23 35 27 
66 61 76 60 73 60 34 23 61 20 51 61 74 96 55 26 81 78 65 81 26 110 21 52 66 
24 42 44 42 22 103 68 96 109 39 83 85 53 46 103 41 66 78 35 70 93 69 37 74 84 
110 109 56 33 36 109 58 40 57 91 21 104 30 40 61 52 95 42 82 57 76 43 39 32 73 
48 71 108 38 62 62 57 65 93 94 70 70 75 40 80 75 94 31 73 78 68 97 104 48 48 
43 40 47 103 75 51 95 22 24 33 75 30 67 45 67 57 40 94 66 68 24 88 71 51 89 
75 99 71 73 32 39 37 78 76 77 60 67 66 95 109 76 28 75 78 88 102 84 100 103 67 
60 86 39 83 39 48 81 56 56 73 22 71 32 70 101 59 61 66 73 22 63 22 50 81 86 
58 97 32 97 110 101 103 89 74 38 110 37 49 66 77 57 89 20 27 40 45 102 40 71 65 
57 36 109 64 50 26 24 54 41 84 23 48 66 74 51 85 43 22 107 85 26 87 71 89 57 
84 69 39 51 58 42 100 101 95 110 24 107 87 80 47 99 105 95 24 54 92 62 90 37 46 
29 62 32 58 33 21 58 57 26 94 30 105 86 73 102 43 62 33 69 72 23 66 103 20 40 
54 86 24 30 69 110 61 54 41 89 48 39 84 103 29 22 64 101 97 101 90 55 84 23 96 
88 109 44 67 28 29 76 28 64 55 84 93 58 65 46 78 86 94 38 88 60 54 33 76 40 
33 80 88 108 59 103 87 109 106 20 31 44 72 96 97 95 103 70 20 21 71 34 109 28 62 
80 82 59 49 27 32 110 103 26 59 66 93 43 103 86 90 70 109 59 65 109 93 94 106 103 
41 99 66 50 70 38 104 62 60 49 28 57 75 75 78 63 60 71 38 85 92 102 45 55 79 


17 76 56 55 82 11 24 11 61 28 81 73 66 66 87 34 86 78 100 15 34 69 81 77 17 
37 33 52 18 24 68 80 44 54 83 49 35 59 92 28 76 32 72 96 92 76 88 31 32 85 
26 52 32 98 24 45 60 69 100 55 74 52 56 65 53 91 43 64 25 94 81 26 84 69 67 
75 88 61 48 24 39 70 12 12 79 96 68 11 100 44 56 97 21 43 86 88 15 11 69 41 
81 85 79 34 93 34 89 65 33 30 74 13 48 93 48 60 52 45 41 47 18 39 61 90 43 
40 53 41 95 80 56 65 57 39 82 22 91 11 10 55 90 58 71 84 39 27 26 52 56 19 
81 40 50 30 49 51 95 66 21 13 39 97 12 94 18 87 14 83 79 65 98 66 29 100 46 
80 59 56 27 33 83 35 22 77 76 81 27 53 31 62 64 66 18 68 64 84 55 56 18 92 
19 61 24 35 66 52 79 51 67 96 36 24 57 99 11 53 70 35 75 95 73 75 23 49 19 
39 94 99 71 99 57 23 47 27 40 82 29 96 74 10 11 79 13 89 35 23 15 84 80 64 
33 34 37 64 67 28 66 92 52 39 29 60 80 76 60 35 71 51 91 88 74 20 45 90 43 
45 36 24 45 31 62 66 46 34 60 45 90 24 91 20 62 39 58 92 51 57 57 11 43 30 
91 65 95 95 81 64 83 27 10 76 94 38 66 50 73 85 99 34 70 64 93 89 26 96 42 
79 91 71 85 10 69 38 84 20 37 99 51 78 99 78 74 56 19 69 82 29 58 78 59 86 
32 75 48 14 82 62 41 48 60 84 78 51 23 81 32 41 84 59 16 68 62 53 70 94 76 
51 28 85 85 28 79 33 45 91 83 66 63 63 60 32 46 45 95 64 73 24 10 32 54 20 
34 19 25 45 28 24 93 75 92 54 15 74 94 28 97 59 53 23 76 65 45 73 91 46 42 
48 77 50 50 98 86 74 65 73 49 40 74 52 58 41 27 75 59 57 72 31 65 35 37 49 
73 79 78 10 66 100 74 17 31 22 31 33 81 18 53 49 62 28 91 81 78 33 50 36 79 
84 35 66 35 15 70 23 21 58 62 58 20 66 50 88 47 30 62 91 96 20 47 19 89 78 
85 86 33 36 22 21 74 43 83 28 71 19 14 38 20 28 30 33 51 92 46 93 89 77 96 
46 66 41 49 47 63 16 60 73 48 30 20 17 81 45 36 42 69 46 91 49 78 91 74 94 
69 66 65 73 80 23 14 77 10 28 70 41 52 82 87 33 68 10 64 65 99 19 11 72 52 
23 96 40 10 24 96 57 99 35 72 20 76 48 60 77 38 68 11 97 22 55 16 57 21 38 
40 36 67 31 12 77 69 54 25 85 87 44 100 73 79 59 14 76 88 88 98 67 13 77 45 
11 67 57 46 87 89 31 10 28 35 25 74 59 15 31 85 100 19 76 49 42 24 15 43 22 
79 58 57 17 33 24 22 81 18 43 65 42 95 37 78 37 45 80 43 81 29 90 15 51 23 
51 89 67 90 45 53 31 41 13 60 67 11 19 14 31 89 37 77 85 95 98 49 53 43 95 
13 63 96 49 72 41 89 36 45 40 80 25 25 92 51 78 32 23 56 78 74 91 44 28 68 
19 64 30 38 89 37 88 85 31 92 59 88 43 36 13 39 14 11 93 76 78 99 55 61 53 
97 54 100 85 71 13 69 18 20 31 47 60 72 88 57 33 60 14 22 69 100 42 49 100 33 
65 95 89 72 22 44 89 44 49 46 29 13 99 45 46 76 68 44 48 61 12 72 84 59 99 
32 41 66 58 62 22 97 68 35 39 67 25 14 50 91 49 29 49 93 47 28 65 50 88 70 
94 28 29 26 72 23 96 13 87 45 85 25 18 48 25 38 30 13 90 22 96 18 93 24 51 
49 18 93 91 38 44 90 39 13 35 79 18 17 99 12 92 16 86 79 48 92 75 54 75 36 
14 69 22 83 56 67 58 97 99 68 79 78 71 64 63 73 59 81 19 47 24 81 78 78 41 
92 65 98 45 50 81 83 70 96 36 73 32 93 27 61 78 41 88 44 48 51 59 41 27 93 
99 83 66 53 57 48 32 17 99 97 84 79 16 62 63 34 15 74 22 67 61 16 58 65 69 
69 52 68 65 43 25 43 33 84 46 27 59 63 97 41 65 68 64 87 29 53 31 12 11 21 
76 18 11 69 69 43 71 22 13 29 27 96 30 71 60 25 98 78 15 12 19 75 29 90 57 
54 19 81 79 89 98 27 35 36 12 29 100 98 11 46 23 54 28 45 19 61 69 57 21 93 
72 89 91 50 88 51 27 80 75 79 79 14 46 47 96 72 47 18 34 15 80 28 90 69 86 
43 15 10 68 58 89 60 74 19 50 93 99 56 65 89 29 99 30 75 74 59 48 32 34 26 
46 87 56 35 97 23 11 64 95 18 31 38 56 33 99 79 59 24 56 58 85 26 13 25 17 
56 51 66 50 63 50 24 13 51 10 41 51 64 86 45 16 71 68 55 71 16 100 11 42 56 
14 32 34 32 12 93 58 86 99 29 73 75 43 36 93 31 56 68 25 60 83 59 27 64 74 
100 99 46 23 26 99 48 30 47 81 11 94 20 30 51 42 85 32 72 47 66 33 29 22 63 
38 61 98 28 52 52 47 55 83 84 60 60 65 30 70 65 84 21 63 68 58 87 94 38 38 
33 30 37 93 65 41 85 12 14 23 65 20 57 35 57 47 30 84 56 58 14 78 61 41 79 
65 89 61 63 22 29 27 68 66 67 50 57 56 85 99 66 18 65 68 78 92 74 90 93 57 
50 76 29 73 29 38 71 46 46 63 12 61 22 60 91 49 51 56 63 12 53 12 40 71 76 
48 87 22 87 100 91 93 79 64 28 100 27 39 56 67 47 79 10 17 30 35 92 30 61 55 
47 26 99 54 40 16 14 44 31 74 13 38 56 64 41 75 33 12 97 75 16 77 61 79 47 
74 59 29 41 48 32 90 91 85 100 14 97 77 70 37 89 95 85 14 44 82 52 80 27 36 
19 52 22 48 23 11 48 47 16 84 20 95 76 63 92 33 52 23 59 62 13 56 93 10 30 
44 76 14 20 59 100 51 44 31 79 38 29 74 93 19 12 54 91 87 91 80 45 74 13 86 
78 99 34 57 18 19 66 18 54 45 74 83 48 55 36 68 76 84 28 78 50 44 23 66 30 
23 70 78 98 49 93 77 99 96 10 21 34 62 86 87 85 93 60 10 11 61 24 99 18 52 
70 72 49 39 17 22 100 93 16 49 56 83 33 93 76 80 60 99 49 55 99 83 84 96 93 
31 89 56 40 60 28 94 52 50 39 18 47 65 65 68 53 50 61 28 75 82 92 35 45 69 




62142


物品价值之和：97856