55  1   2651


98  74  76  4  12  27  90  98  100  35  30  19  75  72 
19  44  5  66  79  87  79  44  35  6  82  11  1  28  95  68  39 
86  68  61  44  97  83  2  15  49  59  30  44  40  14  96  37 
84  5  43  8  32  95  86  18



27  15  46  5  40  9  36  12  11  11  49  20  32  3  12 
44  24  1  24  42  44  16  12  42  22  26  10  8  46  50  20 
42  48  45  43  35  9  12  22  2  14  50  16  29  31  46  20 
35  11  4  32  35  15  29  16





1050

1110011111011111011111101001111111111001101101110101111
11100 11111 01111 10111 11101 00111 11111 11001 10110 11101 01111
98  74  76   0   0
27  90  98  100  35
0  19  75  72   19
44  0  66  79  87  
79  44  35  0  82  
0  0  28  95  68  
39 86  68  61  44  
97  83  0  0  49  
59  0  44  40  0  
96  37 84  0  43  
0  32  95  86  18
