800 1 35069


90 54 93 32 51 67 4 86 94 78 75 43 67 49 105 56 66 72 52 72 78 83 92 69 20 
33 99 76 55 50 4 20 81 50 63 44 48 17 85 36 90 32 29 94 50 84 43 89 54 84 
56 44 34 24 21 13 63 35 70 21 106 60 42 60 16 44 69 65 48 35 71 40 44 42 3 
44 44 46 108 62 37 31 16 78 68 10 17 56 73 84 80 73 96 63 45 92 49 59 45 60 
81 93 51 55 42 55 82 16 21 41 52 80 34 83 91 10 60 48 33 97 75 35 25 69 59 
79 53 49 43 90 24 17 17 89 26 44 99 59 21 30 5 24 99 46 73 33 62 39 73 63 
46 32 86 59 77 50 31 52 65 68 98 64 39 48 28 34 64 94 48 22 89 68 77 85 29 
21 65 31 43 37 64 95 77 58 82 47 20 53 62 101 99 35 96 75 96 35 8 61 59 41 
77 84 77 48 85 73 45 51 36 74 80 90 55 78 12 16 58 28 78 67 74 89 1 75 47 
40 5 57 38 30 68 39 91 52 100 13 61 49 69 100 42 65 89 89 21 67 80 61 62 34 
61 73 43 55 50 17 45 57 102 99 43 75 51 44 71 101 67 98 25 62 82 74 45 19 80 
77 38 64 81 95 43 46 50 31 12 50 27 98 58 90 35 70 34 12 71 45 47 89 53 96 
100 78 52 49 79 42 53 51 79 34 40 45 39 15 27 52 98 25 71 15 55 14 34 60 42 
74 61 56 66 24 39 73 47 42 65 58 52 39 47 60 36 2 84 88 14 63 82 20 75 71 
20 76 82 24 86 26 18 92 72 25 56 22 41 52 17 63 38 84 9 29 71 23 46 99 15 
45 56 74 48 72 81 11 2 78 72 13 75 47 28 90 106 79 70 80 20 24 46 95 85 17 
86 42 88 84 29 70 47 34 50 7 98 85 41 97 58 84 40 82 2 19 19 13 99 67 41 
96 20 98 65 29 67 91 12 40 52 69 47 54 89 40 80 98 65 64 96 73 42 57 91 59 
56 22 60 47 65 52 99 68 74 81 79 95 65 104 48 17 78 100 23 36 55 79 65 104 54 
82 66 100 58 59 50 37 74 76 89 92 29 77 64 98 19 22 36 85 3 39 80 89 58 95 
6 36 31 78 47 16 28 104 48 81 80 82 31 18 34 12 9 50 28 67 19 48 21 57 40 
35 66 101 22 54 54 81 59 52 69 27 71 22 65 11 31 1 27 99 60 22 84 10 86 61 
88 33 42 64 59 65 34 55 54 44 38 52 41 92 28 92 36 16 32 28 39 58 55 49 54 
0 70 27 24 22 88 63 19 56 75 62 68 45 103 6 97 64 24 64 38 55 63 2 50 90 
32 46 86 41 11 37 92 65 75 74 64 86 4 36 55 6 49 87 91 14 17 76 48 20 31 
28 83 79 44 47 32 68 86 58 26 24 75 74 70 22 87 79 31 87 97 88 60 23 28 86 
30 96 18 83 8 98 94 47 86 95 12 28 81 60 60 67 72 58 36 93 22 68 73 25 96 
72 74 1 3 42 23 6 14 64 91 41 34 42 88 11 56 58 85 57 29 44 71 61 29 21 
43 54 87 69 65 90 25 44 16 61 52 23 26 72 88 35 7 28 48 54 34 46 10 26 86 
33 84 29 99 27 91 74 88 63 34 62 62 76 34 53 83 20 90 23 21 31 81 87 53 102 
1 91 41 106 22 29 48 73 108 93 95 57 81 49 91 25 46 63 20 60 94 65 69 88 88 
87 59 60 86 72 26 95 89 74 64 55 57 91 24 16 81 36 85 62 35 44 63 90 33 87 

96 50 84 35 49 65 14 76 86 74 76 39 65 53 98 64 70 80 54 76 69 76 97 79 30 
31 94 70 52 55 11 17 72 43 54 48 53 16 92 42 96 29 38 100 46 88 47 84 44 92 
65 52 41 15 29 11 68 41 66 20 97 64 38 51 14 36 64 68 43 42 61 46 38 40 10 
54 48 36 99 68 27 27 25 76 70 16 24 65 83 78 90 65 99 58 35 99 56 63 55 63 
91 87 41 63 39 63 86 24 27 43 60 85 25 85 91 19 70 55 26 89 82 25 21 61 59 
79 57 58 48 97 15 25 27 92 22 36 97 66 25 36 15 26 96 55 67 23 57 33 79 69 
51 28 76 56 76 43 25 48 61 61 88 64 32 45 32 31 67 85 48 31 85 68 83 80 38 
11 71 38 40 47 67 100 87 67 84 40 12 63 57 94 94 25 93 70 99 27 11 70 54 31 
84 86 86 49 77 75 50 54 31 71 71 83 56 75 21 15 59 20 71 68 68 86 11 83 47 
50 11 61 30 34 73 40 84 59 100 14 65 52 61 95 34 66 83 97 30 70 83 61 52 37 
66 71 43 62 50 17 38 51 94 97 42 73 59 51 73 100 72 92 27 72 80 73 51 28 71 
82 44 73 79 94 51 43 51 40 15 55 18 95 50 87 29 71 24 20 70 44 52 92 62 95 
93 85 59 58 72 50 45 51 69 42 49 48 41 17 29 55 89 21 61 22 50 17 35 70 41 
77 55 50 68 29 42 63 47 45 59 61 44 46 50 51 36 11 79 98 12 53 84 15 71 61 
26 74 73 29 86 23 20 92 67 33 66 25 37 43 17 71 38 75 12 33 65 27 53 95 20 
46 49 66 44 67 71 13 10 73 64 20 85 47 37 87 97 80 69 89 20 26 50 99 80 25 
95 37 82 81 22 73 51 37 46 14 91 86 36 87 61 79 37 78 12 16 10 11 93 77 35 
93 27 97 71 28 76 89 14 47 61 78 51 45 79 39 70 94 70 57 87 81 38 61 88 60 
47 27 57 51 65 53 95 73 69 73 81 97 55 96 44 21 71 90 27 26 56 89 69 100 54 
91 72 90 61 67 60 34 69 86 97 84 23 75 60 88 18 16 34 75 12 29 86 80 55 96 
15 37 25 82 43 21 24 99 43 78 70 89 37 11 43 11 16 48 32 76 19 40 19 67 31 
42 59 99 15 62 51 89 60 48 77 28 80 20 64 16 36 11 29 94 58 24 90 10 82 53 
83 23 34 64 51 75 31 46 64 49 34 50 50 84 28 84 30 13 22 35 47 53 59 50 57 
10 73 32 14 13 91 68 28 61 67 66 66 52 98 14 99 56 17 57 43 47 61 10 57 82 
22 44 89 47 12 34 97 66 75 83 58 96 11 30 61 11 51 87 91 11 14 66 51 25 27 
28 88 77 37 38 33 70 76 56 17 15 68 70 74 21 84 73 40 95 90 95 70 27 21 92 
28 87 22 89 11 88 89 44 80 96 18 32 75 57 57 66 63 52 40 88 23 66 81 29 93 
64 64 11 11 44 31 10 10 54 93 34 42 35 94 20 60 56 93 49 33 44 72 66 19 11 
34 55 91 79 72 83 22 48 26 64 47 27 33 74 80 32 16 30 52 61 38 56 11 22 79 
28 91 28 98 18 92 84 78 73 33 53 54 74 30 44 84 27 88 23 24 25 74 91 51 96 
11 84 37 100 13 31 49 82 99 89 92 47 81 50 84 33 44 69 22 64 91 56 79 81 84 
77 68 70 81 65 31 91 93 83 56 64 52 99 25 14 78 35 91 58 40 39 65 92 35 94 


33367