1000 1 43786


88 28 42 29 38 75 22 23 55 55 96 44 29 47 28 38 29 58 100 56 59 88 72 83 53 
19 85 82 85 39 70 41 30 78 1 98 22 55 24 78 55 13 37 47 18 22 67 63 68 31 
98 77 74 29 50 24 64 16 22 44 52 25 53 52 76 95 51 85 57 27 29 87 94 14 60 
71 77 9 11 9 45 89 94 54 77 63 31 92 54 46 45 80 89 59 11 37 46 28 62 78 
21 47 70 67 28 79 20 54 29 78 45 36 73 28 27 79 13 66 94 71 29 65 31 103 1 
73 52 14 51 31 55 75 79 82 49 79 44 23 13 44 9 59 48 54 18 47 49 53 55 102 
74 98 36 40 65 37 33 92 42 55 60 98 65 86 19 77 60 100 85 78 23 90 47 37 63 
77 90 82 102 82 61 98 51 35 33 87 70 41 16 54 51 70 25 84 13 100 20 48 93 17 
76 43 26 102 23 84 39 78 32 21 47 71 74 105 48 100 59 85 77 60 73 42 14 77 58 
63 96 27 61 66 83 24 32 77 71 92 56 27 71 64 19 82 81 18 49 70 61 47 93 23 
57 28 82 14 49 90 52 29 50 91 5 75 100 99 30 6 75 101 13 47 74 66 94 25 54 
51 66 68 80 23 105 61 60 18 46 99 77 82 90 93 87 91 20 52 48 86 84 62 44 77 
73 50 18 7 8 71 91 30 33 62 66 28 63 2 56 59 101 86 27 10 93 98 78 4 91 
24 45 82 15 39 51 39 56 66 20 66 72 106 37 48 90 89 66 13 37 59 60 60 86 92 
56 47 37 67 36 10 23 91 99 21 55 100 32 61 81 55 31 18 83 54 78 72 86 85 89 
37 48 24 30 99 21 25 52 67 61 25 28 7 34 75 48 103 21 12 13 43 65 20 65 29 
25 80 52 20 101 91 66 88 74 71 81 82 104 77 59 47 86 19 42 27 55 23 50 16 25 
26 34 93 5 41 66 31 44 37 12 89 25 82 44 20 47 16 87 38 55 81 44 12 75 96 
83 43 47 79 87 26 75 24 83 93 27 91 65 107 23 44 32 85 85 45 36 79 92 58 50 
41 6 64 19 50 55 41 70 99 51 35 39 99 44 69 87 36 76 4 12 86 48 92 24 6 
49 45 64 80 97 80 62 44 77 81 97 17 4 12 88 89 75 87 58 63 100 69 33 34 18 
90 83 10 23 107 18 49 58 82 81 78 72 36 88 50 88 26 74 62 47 81 36 94 85 4 
54 80 89 60 84 31 82 40 95 47 72 46 87 99 77 81 98 76 40 35 81 89 88 9 76 
59 85 95 55 68 84 18 59 46 50 65 69 12 33 20 90 9 52 35 88 77 60 22 10 88 
21 16 15 52 82 34 25 80 68 74 17 21 65 37 19 87 48 28 93 54 40 96 78 79 76 
76 48 12 45 14 21 101 56 7 29 22 86 62 74 53 55 16 28 92 41 37 55 81 54 38 
46 43 50 81 49 88 25 110 102 86 91 73 81 43 79 56 61 51 97 93 52 80 83 96 27 
80 40 98 15 21 33 29 27 57 20 78 82 87 21 74 24 88 42 43 30 65 21 99 82 92 
31 96 64 32 35 45 46 67 40 59 5 91 28 103 84 17 28 80 80 16 40 34 56 37 86 
88 17 69 81 6 44 65 46 63 90 57 85 50 51 24 54 56 47 52 98 88 101 41 86 20 
19 53 42 95 74 93 18 55 42 82 40 76 93 25 83 88 47 9 35 46 15 77 50 27 53 
18 107 90 20 5 50 37 45 86 70 74 84 6 29 37 39 34 90 46 72 74 105 94 69 19 
62 10 85 88 41 83 70 96 65 27 58 93 69 96 79 34 82 65 21 65 68 49 93 87 24 
19 41 51 92 11 20 37 79 40 42 55 90 84 65 17 36 84 21 20 98 86 83 23 44 19 
86 18 21 87 67 107 97 12 19 32 76 74 42 102 18 60 69 55 89 35 43 76 30 33 87 
51 11 46 70 38 88 78 96 50 33 59 16 36 87 46 29 9 76 75 71 23 20 36 40 66 
30 28 54 91 53 93 37 71 95 90 13 80 49 88 6 107 75 61 87 13 40 46 17 80 39 
45 16 33 29 50 30 29 35 103 49 13 76 81 70 63 31 46 80 98 40 75 7 45 64 68 
17 59 81 30 30 60 46 76 68 75 64 59 89 96 34 75 60 55 18 30 67 13 42 42 24 
15 75 69 13 9 29 30 14 21 79 94 81 56 12 98 93 87 77 28 48 24 77 56 60 27 

89 31 47 24 40 66 15 15 60 55 99 41 31 55 29 37 33 55 99 60 60 96 67 91 54 
11 86 86 94 36 67 36 20 81 10 90 26 54 18 87 52 23 47 42 10 13 58 58 71 24 
94 76 83 28 46 26 71 12 22 38 46 16 48 60 77 85 41 82 66 21 31 92 100 21 69 
67 73 10 10 13 47 96 88 60 77 67 38 82 49 46 37 76 91 56 15 46 38 37 53 76 
16 44 68 72 36 74 13 47 28 81 45 40 79 26 37 74 13 56 84 79 20 75 26 98 10 
67 53 20 46 29 49 84 82 88 46 87 44 31 23 53 16 59 45 54 16 50 44 61 55 92 
78 98 29 44 61 29 30 84 33 46 57 96 67 94 23 78 60 94 76 75 14 91 52 46 70 
80 81 92 92 89 63 100 45 35 32 83 75 31 22 54 52 70 35 74 22 100 16 45 99 14 
83 47 23 95 33 86 33 85 36 18 45 80 66 100 58 95 63 80 85 66 73 34 12 79 51 
59 97 28 53 63 90 30 40 76 64 97 66 34 72 56 11 72 76 10 52 65 66 41 99 24 
54 27 87 11 57 90 57 27 55 85 12 69 100 97 30 14 79 93 14 56 66 71 98 31 52 
50 58 74 84 21 97 61 56 14 36 96 78 79 80 95 77 91 19 55 41 85 77 62 52 84 
67 55 17 15 10 80 85 29 27 52 75 23 53 10 57 67 97 90 36 17 99 94 80 13 87 
17 53 84 18 39 43 36 62 75 14 68 64 96 39 51 94 92 64 11 33 49 65 67 77 97 
59 44 41 73 42 16 32 99 98 17 50 91 42 59 80 51 26 11 82 57 87 77 76 87 83 
29 57 24 23 100 19 31 52 74 56 25 25 17 37 76 56 99 31 16 22 46 67 23 57 34 
34 84 59 15 95 95 60 82 82 75 86 84 96 71 64 48 91 21 38 20 48 25 47 23 28 
36 28 94 15 49 56 29 49 28 13 98 16 72 41 15 47 12 90 40 55 91 34 16 80 94 
84 45 49 75 95 29 70 31 80 99 22 96 66 99 16 45 35 84 84 36 41 83 90 50 45 
47 14 59 13 55 48 38 67 89 55 32 38 91 42 67 87 27 79 10 20 83 46 85 25 15 
57 37 73 73 98 85 52 43 83 73 92 10 11 11 89 84 65 83 54 55 100 70 38 33 13 
93 84 10 30 97 22 56 49 78 83 71 79 37 83 48 93 29 72 65 44 81 36 91 76 10 
44 72 86 66 75 39 72 37 92 57 66 38 97 99 74 86 100 66 44 34 87 97 78 15 84 
68 90 90 56 68 84 27 49 48 55 56 75 19 38 16 88 11 43 28 97 70 62 23 20 93 
25 17 11 62 88 36 34 72 69 78 10 17 64 44 11 80 50 28 91 51 34 97 75 84 77 
81 55 18 36 12 17 94 56 10 31 30 86 52 78 56 49 23 35 99 32 31 56 86 51 28 
43 49 44 91 43 94 31 100 99 95 99 75 75 50 89 49 66 53 93 85 48 88 81 92 31 
80 41 98 18 18 25 21 26 47 18 88 89 88 19 82 30 78 46 45 37 64 30 100 91 91 
41 93 66 36 40 45 47 60 41 59 11 89 26 100 82 11 35 73 70 13 48 32 63 28 81 
80 24 70 84 10 54 67 54 70 92 54 79 52 58 27 44 57 39 59 99 79 91 42 89 26 
23 45 51 100 84 83 26 46 50 88 47 70 92 22 75 86 38 14 29 53 12 74 44 31 56 
23 98 86 16 12 46 46 54 86 67 80 92 12 21 29 36 26 80 37 64 73 98 99 72 15 
68 16 84 98 48 82 72 98 58 33 54 84 79 88 81 35 80 60 11 56 78 51 90 97 22 
18 38 59 93 13 11 39 85 33 44 57 85 82 74 25 39 83 16 10 98 96 77 26 48 12 
94 21 18 97 71 97 94 21 24 40 81 68 38 100 28 53 75 55 99 32 45 70 32 25 89 
54 20 36 61 39 87 78 86 60 38 63 24 31 84 52 30 14 86 83 70 15 12 32 46 65 
24 24 64 96 60 99 46 81 97 96 21 81 54 81 16 97 65 51 80 23 44 41 25 71 40 
35 18 26 38 48 32 27 41 96 58 19 76 72 79 64 37 40 80 92 46 69 17 40 54 72 
21 58 76 34 23 53 46 77 76 73 70 61 95 92 27 80 63 54 21 22 73 15 46 44 29 
12 79 59 15 15 39 24 15 30 89 100 75 49 19 95 91 93 73 18 41 18 79 66 61 31 


41849