1200 1 53553



65 62 65 82 13 42 45 55 80 7 86 37 84 78 92 25 4 66 36 49 22 84 67 60 46 20 12 56 35 31 59 
83 92 45 47 66 39 35 49 61 56 25 26 47 59 4 84 69 77 43 20 25 40 42 78 32 71 16 57 74 13 4 
13 9 11 28 10 68 20 48 24 60 22 38 34 40 77 35 60 27 92 73 87 41 63 51 38 24 73 12 89 16 25 
49 8 9 18 33 46 5 18 88 9 75 18 7 77 16 46 50 14 5 67 40 66 80 4 71 30 60 56 62 3 68 19 61 
86 68 31 25 47 58 27 65 62 59 51 82 49 79 4 74 14 47 56 37 11 72 2 80 49 83 15 68 61 43 28 
38 54 91 21 74 39 14 77 5 88 19 57 42 85 49 51 70 41 20 4 22 78 60 10 52 75 20 45 8 50 6 33 
74 64 46 7 52 45 17 7 9 17 30 83 53 49 33 50 6 42 17 42 30 6 76 81 63 86 8 3 26 11 9 47 50 
90 69 34 78 36 42 85 81 86 17 40 34 47 69 4 67 41 48 61 15 60 14 4 28 59 23 12 91 24 36 24 
90 15 92 26 68 30 88 78 6 86 30 70 64 31 49 24 67 13 73 43 44 82 36 5 15 61 52 33 88 27 63 
81 10 72 62 2 45 38 48 85 35 87 43 48 68 80 45 47 58 80 69 84 92 72 4 10 30 40 61 37 87 46 
78 34 24 47 41 49 85 10 81 40 54 86 29 67 23 4 92 24 6 5 82 86 36 22 91 91 85 21 42 76 10 
92 8 5 34 22 37 6 13 82 64 61 4 5 85 67 46 36 34 68 60 61 74 59 80 78 81 65 52 38 25 45 92 
42 50 53 6 91 7 52 41 26 33 8 41 60 12 78 16 22 18 2 48 78 85 55 68 77 49 20 92 30 36 66 66 
39 77 9 37 11 82 72 53 41 79 75 85 38 90 43 55 89 8 3 18 56 42 10 10 47 79 34 45 62 86 62 8 
7 40 37 64 31 91 88 10 20 59 59 75 2 47 24 74 77 75 51 21 47 16 40 82 3 84 4 50 29 34 10 54 
77 39 29 58 38 3 25 54 7 23 24 58 59 61 23 6 12 89 59 91 15 24 40 37 45 46 20 46 53 15 24 91 
23 89 37 28 20 46 44 54 16 12 24 33 54 53 82 22 71 3 66 22 87 70 86 60 25 63 59 77 30 77 73 7 
28 68 13 48 33 30 37 16 33 8 38 6 25 51 71 84 50 78 48 84 55 13 24 80 84 8 49 78 9 59 8 28 24 
55 32 33 89 57 59 15 33 63 21 58 63 89 91 61 89 17 17 39 42 92 88 88 3 60 14 34 59 62 66 84 85 
54 42 18 40 50 29 87 7 25 23 15 30 71 11 72 48 2 65 83 17 29 84 40 41 47 28 38 89 78 34 39 83 
52 75 19 63 72 23 84 45 27 50 64 82 30 20 2 82 63 72 39 49 9 14 62 6 56 74 37 90 60 55 45 76 88 
28 37 48 46 15 69 27 80 77 85 18 2 76 63 79 8 80 73 77 90 17 17 44 26 31 64 60 76 43 17 20 66 29 
57 59 86 92 65 85 51 81 71 16 82 73 20 57 44 32 44 36 35 48 67 43 86 26 80 26 5 66 68 74 70 39 43 
66 73 88 51 26 53 64 64 47 31 92 65 41 12 83 27 51 14 68 29 14 49 33 25 56 65 42 55 67 40 83 7 
54 76 90 12 45 86 27 36 65 65 72 44 48 15 21 60 66 30 8 62 86 22 49 62 11 20 9 18 64 84 6 90 2 
92 77 12 34 61 50 74 78 71 22 80 79 49 54 28 17 89 71 65 43 91 70 67 49 60 17 43 33 19 54 17 83 
83 35 22 12 28 42 84 67 46 49 71 19 64 78 64 69 36 68 2 12 18 40 53 71 20 82 50 73 19 27 50 57 
86 92 87 85 80 90 62 80 25 91 26 20 24 50 71 44 25 13 74 50 57 66 52 68 55 62 12 47 55 34 17 5 
7 9 49 84 23 37 88 34 16 87 67 74 63 33 16 62 26 57 75 40 78 67 29 62 48 22 11 50 18 3 25 39 21 
52 77 83 69 41 44 89 87 80 55 7 45 54 87 16 32 10 44 19 82 81 69 56 43 44 18 71 65 9 75 14 29 25 
81 58 90 48 10 64 12 80 25 68 21 9 65 43 87 11 35 23 82 40 41 73 20 55 66 5 46 10 31 85 81 40 
84 60 64 11 84 77 17 40 85 91 59 3 80 21 19 57 75 72 91 67 86 70 64 78 50 26 49 90 83 13 73 49 
11 54 32 86 3 38 73 20 87 2 85 7 44 92 58 73 40 88 8 16 65 19 5 9 19 27 71 63 71 39 30 17 6 44 
87 20 15 37 67 25 57 91 31 88 24 27 55 70 5 42 63 14 56 4 56 3 77 3 36 50 74 86 37 2 21 44 7 9 
3 84 64 42 25 86 72 63 66 72 70 46 65 8 69 87 32 42 12 26 13 23 57 35 78 6 38 68 64 91 71 58 39 
39 56 90 8 22 48 77 76 36 10 29 83 27 84 34 86 33 71 70 85 55 50 65 68 57 59 3 45 31 11 72 26 61 
67 13 83 61 20 13 20 88 72 65 6 22 10 82 57 2 42 44 30 24 56 32 55 12 37 13 79 6 32 51 67 4 53 23 
92 32 87 5 63 86 81 


73 64 100 64 29 91 69 41 57 75 63 70 33 90 32 74 31 84 56 50 85 57 21 30 33 48 81 11 76 21 
70 33 81 70 82 61 23 96 93 54 76 16 62 30 88 92 92 71 75 63 20 79 82 19 89 93 48 85 72 91 
73 34 95 11 47 57 68 35 18 44 85 15 15 79 92 93 53 87 51 75 42 27 58 58 66 99 96 11 99 69 
90 55 49 76 22 41 22 71 89 42 57 48 31 11 16 62 35 16 94 48 69 72 65 26 98 67 16 44 79 28 
21 67 71 27 85 58 12 89 48 76 28 45 32 74 57 50 58 88 34 91 58 86 74 11 56 11 24 58 66 21 
50 12 59 69 13 14 36 18 62 68 100 72 66 30 86 26 72 81 88 15 82 72 60 33 18 88 73 82 47 28 
53 92 46 94 96 50 67 80 94 69 38 39 67 95 17 48 90 85 34 62 86 77 76 47 72 29 27 94 47 96 
63 77 32 76 27 25 31 70 37 82 44 99 69 78 67 58 38 98 13 84 79 44 63 29 20 27 13 45 64 80 
88 85 81 39 65 50 20 10 75 67 74 96 31 94 16 37 28 25 74 98 30 76 70 60 88 65 17 10 98 73 
15 51 20 33 50 38 99 53 31 88 74 18 14 68 36 95 10 25 76 20 88 10 20 85 33 83 27 29 16 14 
94 28 97 55 93 14 32 46 12 86 47 28 20 33 32 15 90 52 82 53 87 20 55 91 76 80 35 52 30 30 
45 33 24 66 57 84 44 56 100 89 85 67 97 71 63 33 71 34 78 94 57 26 63 77 29 99 79 15 56 18 
92 48 33 35 59 89 32 93 32 73 17 67 67 67 40 31 80 39 47 35 62 48 42 49 17 75 71 17 85 90 
86 50 57 73 78 71 98 43 14 60 45 83 99 85 41 23 47 72 51 44 36 61 25 52 73 94 79 11 84 65 
100 86 16 70 49 94 23 95 13 46 19 10 23 38 97 38 57 68 74 73 25 79 13 97 51 78 47 92 44 10 
33 40 17 67 28 16 100 51 90 33 90 55 32 85 65 79 17 84 81 73 97 28 15 95 95 72 38 72 18 50 
12 79 26 59 12 11 34 56 94 53 80 32 48 81 67 19 22 51 96 80 79 90 17 88 19 86 25 50 37 52 
74 24 41 90 30 34 76 76 44 100 61 82 45 15 23 80 70 25 59 52 73 58 57 63 43 58 14 33 91 38 
44 65 54 57 86 19 38 88 30 50 49 85 53 36 41 56 14 28 34 56 51 81 92 15 31 34 52 94 35 32 
57 82 13 87 68 17 96 53 99 58 87 83 54 76 71 10 64 74 61 23 99 27 31 53 90 57 95 80 92 64 
30 21 26 12 18 55 86 55 99 61 83 59 28 21 29 73 82 37 72 29 78 35 45 62 48 98 28 71 42 40 
92 12 96 82 60 58 14 66 93 14 93 29 54 56 66 91 45 65 72 68 75 58 96 95 49 91 23 74 94 63 
75 21 17 22 83 98 94 88 29 99 46 55 61 41 71 25 98 67 55 74 57 65 42 24 81 21 45 80 41 20 
68 17 83 55 28 77 38 77 50 15 98 24 23 38 97 37 68 94 39 38 68 94 24 40 28 81 75 78 79 45 
54 19 26 64 53 42 78 92 84 60 51 48 32 45 99 92 63 100 100 16 25 100 95 18 63 57 33 54 78 21 
28 36 15 45 16 86 72 100 18 49 63 90 99 24 69 48 53 73 73 70 51 95 75 52 74 19 65 73 93 87 
20 18 85 19 58 44 39 80 100 34 97 11 31 41 97 49 84 93 49 94 41 93 82 27 13 62 99 16 63 14 
64 76 24 80 14 50 57 12 16 41 16 92 97 16 25 55 96 59 20 30 27 88 71 90 54 40 39 77 58 40 
43 28 54 10 41 93 32 18 13 16 11 12 45 46 25 36 36 89 91 57 62 98 41 89 18 94 96 95 73 59 
39 56 58 88 82 89 75 38 42 49 26 58 36 14 47 46 45 79 35 70 25 70 24 77 39 11 32 40 76 75 
67 32 22 57 72 94 21 48 30 68 64 37 28 33 50 97 56 24 59 19 91 88 70 64 93 46 35 50 65 12 
91 68 13 91 54 25 81 69 45 20 50 42 54 59 100 86 54 90 22 28 91 33 34 51 89 81 63 20 67 61 
100 30 75 23 15 48 51 45 14 86 18 18 52 79 96 42 23 81 76 17 43 99 65 52 48 28 78 34 11 31 
53 46 48 76 60 42 52 95 21 24 18 62 62 92 96 47 77 28 37 26 30 34 83 26 92 95 13 21 53 100 
55 42 74 69 53 55 90 54 90 30 55 85 24 58 11 91 35 65 22 72 20 28 48 79 68 10 50 31 39 40 
74 48 88 51 25 77 44 86 72 26 87 47 20 86 68 60 88 52 57 92 36 32 86 73 72 93 71 65 19 95 
47 85 12 36 15 12 13 42 69 10 42 37 32 56 22 83 85 40 41 14 50 58 75 17 19 15 22 43 80 13 
43 43 79 46 17 75 23 32 12 56 53 66 41 92 42 27 93 52 33 98 92 79 37 83 92 52 64 86 34 71 
57 68 38 62 25 49 69 55 13 86 70 46 62 63 67 71 26 44 64 10 75 52 70 22 85 100 12 14 69 94 
69 35 68 99 38 56 60 49 93 93 94 11 61 21 70 80 10 43 73 100 54 33 56 37 25 66 64 46 75 89 



49808

P:56811