1500 1 65710


77 88 79 42 79 82 84 49 16 42 57 21 23 40 92 55 65 71 38 13 85 78 83 74 14 66 40 7 48 39 
63 39 47 70 87 80 82 7 64 93 63 31 29 71 63 29 94 100 75 40 41 80 66 71 65 71 7 28 54 49 
59 16 52 51 97 59 49 29 64 16 64 87 104 67 43 92 75 48 29 45 15 41 13 90 99 38 42 14 24 33 
4 94 54 27 90 67 8 77 70 25 78 101 89 81 20 74 38 82 85 77 82 74 35 40 14 56 105 20 35 47 
34 50 89 61 63 59 84 88 53 91 59 60 16 8 69 92 57 35 98 89 68 70 58 68 40 90 23 61 70 14 
82 56 20 24 94 70 24 30 76 17 34 60 91 36 9 7 93 94 58 19 65 35 32 99 49 72 63 85 52 35 
49 64 69 51 54 109 47 99 56 64 39 10 61 80 52 76 8 70 69 90 42 3 6 4 56 0 88 32 37 22 
49 79 31 41 88 48 101 45 96 65 31 42 72 61 49 57 10 49 41 59 34 23 39 84 22 87 19 63 26 82 
81 14 5 82 72 62 101 82 85 86 38 39 92 87 81 100 35 38 88 99 90 76 22 52 16 70 42 72 21 25 
22 87 66 51 77 38 37 17 88 76 60 73 3 31 15 54 48 89 95 59 26 70 98 71 37 25 76 59 26 42 
39 82 64 33 20 46 41 16 75 68 60 49 84 85 90 58 13 80 61 47 20 93 84 34 53 61 57 81 28 57 
33 102 24 66 83 85 85 54 24 68 50 41 68 79 94 46 46 67 24 78 35 67 99 37 6 21 47 14 40 96 
19 54 42 34 72 35 92 76 76 84 39 49 89 102 27 104 38 102 7 81 35 54 67 11 66 67 18 65 79 87 
23 59 18 73 74 12 12 12 48 6 89 22 70 30 43 83 9 88 52 6 56 79 77 27 6 44 81 9 60 84 
76 14 88 36 21 39 59 57 14 12 87 25 29 101 80 42 41 42 17 52 34 31 60 60 23 51 81 109 34 67 
53 60 34 14 68 88 77 32 48 57 19 61 28 76 54 86 64 72 93 93 44 100 84 81 18 13 46 30 69 17 
23 45 31 87 47 94 94 57 31 53 27 85 53 49 61 51 92 107 89 48 55 80 48 103 80 56 110 91 20 89 
64 76 45 42 54 84 60 37 11 50 64 59 89 81 71 51 44 27 21 22 58 36 8 20 32 13 80 59 10 95 
95 87 64 63 33 78 48 39 55 79 47 61 42 19 74 30 83 10 50 11 86 91 27 99 15 92 87 38 97 98 
98 22 78 72 37 78 63 60 75 95 82 73 69 21 40 71 29 83 64 20 82 73 93 32 79 14 61 58 51 37 
62 72 19 83 16 38 43 81 68 72 27 27 48 83 54 62 100 27 73 40 9 87 5 59 67 72 95 49 25 43 
80 96 38 10 15 72 54 30 65 75 40 47 58 41 65 100 32 12 36 40 37 37 81 14 60 87 44 39 95 67 
76 15 19 61 81 28 67 56 40 58 29 24 34 69 28 32 89 26 34 58 64 65 24 16 13 13 51 84 86 83 
71 42 103 70 6 54 32 22 41 67 89 95 104 87 57 19 67 61 83 41 32 84 98 4 70 67 100 82 47 65 
19 74 95 87 55 86 15 37 65 103 67 77 58 64 62 7 38 31 75 50 45 17 47 36 86 72 46 90 11 75 
33 40 39 99 70 47 91 97 101 25 22 45 66 19 61 107 36 65 83 8 65 79 72 15 84 66 80 59 52 68 
18 18 33 86 48 70 66 19 98 35 31 84 103 25 85 40 104 72 34 66 42 58 32 43 101 43 16 57 69 103 
108 64 42 87 15 38 92 97 17 36 93 92 29 51 37 48 78 79 52 95 75 74 101 75 17 35 77 43 23 91 
37 69 70 93 68 58 11 67 94 91 93 44 28 90 78 21 63 95 54 21 69 58 28 16 78 12 84 41 40 49 
62 91 14 93 13 12 68 61 48 23 37 82 82 22 27 89 57 68 67 70 65 20 74 38 85 78 82 53 99 89 
49 35 12 92 84 52 58 47 22 27 74 79 86 17 81 94 30 14 61 14 70 21 33 25 89 71 69 43 34 29 
29 15 47 23 65 77 91 64 38 55 6 33 59 12 79 41 89 46 26 22 64 51 52 24 40 31 65 95 91 46 
61 86 25 60 26 62 20 55 35 77 68 12 48 52 21 87 60 48 72 20 44 51 104 2 26 51 15 41 71 11 
45 11 67 63 46 24 29 52 43 88 89 35 93 68 38 85 12 92 107 24 66 30 71 91 64 75 50 81 37 25 
26 40 12 34 96 86 52 33 95 36 0 109 72 17 90 52 78 70 2 11 61 63 33 57 97 6 20 19 44 16 
34 34 92 75 87 58 75 11 97 30 69 103 69 43 96 91 19 20 48 31 49 23 99 32 90 42 5 95 60 26 
12 31 50 84 95 46 74 28 92 8 23 42 77 67 61 87 36 68 37 20 23 32 71 81 23 31 32 46 56 44 
78 78 68 38 96 14 20 88 35 73 84 44 102 46 20 27 9 30 92 63 67 84 85 67 57 98 38 38 48 49 
47 23 26 15 75 37 76 25 54 47 90 29 18 37 15 94 61 74 15 21 36 86 108 12 87 47 95 48 80 42 
83 47 58 45 15 42 37 11 25 45 40 38 106 84 19 76 51 27 42 69 30 17 28 67 28 90 78 44 53 86 
50 64 87 22 71 58 69 52 87 54 61 47 43 35 80 27 94 61 23 3 26 27 83 103 98 75 69 48 90 57 
105 47 53 33 80 63 69 92 37 72 39 58 95 55 60 69 75 54 88 33 36 59 51 95 25 45 7 58 59 80 
72 49 64 97 67 12 84 22 79 95 93 87 35 22 70 88 63 93 33 38 83 35 106 47 59 78 66 83 41 10 
47 55 80 58 49 27 34 23 62 50 63 50 86 62 64 64 37 100 104 84 83 18 26 48 92 63 8 67 84 56 
11 32 85 67 80 69 101 24 24 58 23 65 80 76 46 22 36 40 87 17 49 26 53 88 95 63 22 53 92 63 
100 48 31 81 86 84 59 19 65 29 35 91 15 63 37 66 79 98 18 47 16 35 18 45 55 5 65 89 80 78 
95 29 24 88 26 59 81 104 51 39 30 19 18 13 51 98 44 27 22 89 87 104 31 40 16 80 47 95 4 65 
96 43 94 69 80 105 38 57 80 46 47 10 74 82 78 56 40 7 53 35 45 19 99 64 39 78 55 77 13 102 
28 87 91 73 68 93 40 57 82 52 36 37 27 48 83 94 86 61 24 72 86 90 90 90 72 80 9 93 93 68 
36 102 93 95 34 85 18 20 81 92 44 30 74 86 27 98 61 79 53 19 28 34 44 33 85 78 25 60 79 88 



73 96 71 52 84 88 76 51 21 41 47 17 26 40 92 50 66 64 28 17 83 72 89 82 16 66 33 15 57 30 
62 49 39 69 77 74 74 13 59 84 65 35 39 68 72 38 97 90 65 50 40 84 71 69 61 67 11 35 58 53 
53 17 52 44 99 64 55 32 55 24 64 93 100 59 43 89 76 43 20 39 10 47 23 81 98 43 32 24 33 29 
13 91 50 26 85 61 11 70 67 34 84 98 95 85 23 83 36 75 88 72 79 75 28 38 22 58 95 10 45 55 
37 59 88 51 70 60 94 98 43 88 54 54 22 10 68 84 52 32 96 96 77 62 58 75 46 91 16 63 69 13 
82 55 12 14 99 77 24 28 85 23 40 54 82 40 17 15 95 100 56 26 60 45 26 92 41 72 67 81 55 39 
47 54 61 50 59 99 51 94 55 62 49 10 61 85 46 84 18 62 71 88 32 13 12 14 64 10 96 39 42 32 
41 70 25 37 92 48 96 42 87 66 29 47 75 53 56 58 11 48 38 53 26 27 36 91 29 90 25 60 22 79 
91 18 10 81 70 62 100 84 83 91 31 37 92 82 79 92 43 37 90 96 84 85 13 55 12 73 42 65 16 27 
19 79 75 55 86 37 29 20 96 84 56 64 12 31 18 46 42 95 96 52 25 73 99 72 44 21 71 54 36 51 
48 76 59 25 28 54 41 22 74 60 52 44 90 95 87 62 17 79 56 46 16 83 80 33 56 58 49 85 18 55 
26 98 18 65 83 76 89 57 14 77 49 35 72 80 94 53 38 72 17 75 29 66 92 40 16 12 48 17 30 87 
10 55 39 35 75 27 89 66 78 91 29 39 84 97 22 97 33 93 14 89 44 61 59 16 72 61 16 59 85 78 
14 54 16 79 79 21 22 19 56 13 88 13 60 30 40 91 19 98 48 14 47 88 70 20 14 53 86 12 60 77 
71 24 81 44 19 32 54 48 16 15 97 24 29 93 78 47 36 50 10 44 39 35 53 67 31 46 76 100 27 59 
52 68 28 16 69 87 67 24 48 67 13 67 33 69 59 76 55 79 84 91 52 97 78 88 16 22 46 38 69 12 
31 48 36 84 50 92 91 55 34 44 20 87 55 48 67 54 84 100 86 42 61 74 38 98 85 63 100 96 21 99 
73 76 49 51 60 91 51 38 15 48 61 51 82 72 69 60 37 19 11 12 58 34 11 26 36 15 72 69 12 99 
89 92 54 73 40 78 47 33 65 83 45 57 34 12 69 36 80 15 40 14 82 82 35 94 13 95 96 40 98 88 
96 27 77 72 39 69 67 56 80 95 75 67 62 19 37 72 28 73 65 15 73 83 94 27 83 22 68 48 47 47 
68 73 18 75 10 40 35 86 71 63 32 34 39 80 52 69 95 20 64 31 14 78 10 57 75 64 87 59 31 40 
70 100 46 18 13 72 57 32 64 79 32 38 48 40 67 90 29 17 36 40 29 43 77 10 50 81 39 35 97 73 
75 16 29 56 81 34 72 48 33 68 25 17 44 64 26 37 97 27 42 52 63 69 34 25 16 14 43 77 77 87 
78 47 95 66 11 61 37 17 34 66 99 92 97 93 59 18 67 69 81 33 30 88 97 10 77 68 95 80 45 70 
28 70 99 93 49 87 20 41 74 100 67 83 58 66 68 12 48 23 85 47 45 21 54 37 84 75 41 99 12 81 
30 31 39 92 66 55 100 94 97 18 30 55 58 18 57 97 30 70 77 10 72 87 68 17 74 70 72 69 61 65 
13 12 27 78 54 64 57 20 98 35 38 81 98 25 76 42 94 75 32 64 45 51 23 46 91 39 13 48 76 99 
100 66 37 85 17 35 95 98 25 26 91 89 32 44 44 51 77 80 52 94 71 84 97 72 12 39 73 41 24 85 
35 71 76 91 60 57 20 63 85 97 92 37 33 87 78 19 56 88 62 18 60 63 36 11 72 19 91 47 41 43 
61 94 21 100 15 22 63 64 42 15 31 79 80 21 33 97 59 76 68 76 62 14 76 34 87 85 85 47 92 82 
55 30 11 95 94 61 53 38 20 25 78 77 95 12 72 91 29 18 61 24 68 13 42 29 92 66 65 40 31 27 
34 25 46 19 60 69 95 66 31 50 14 42 60 19 83 46 82 41 26 28 57 58 42 25 33 35 55 88 85 52 
59 83 18 56 27 66 29 62 25 78 71 11 47 50 30 77 67 39 67 15 49 45 96 12 20 55 10 36 63 10 
51 17 59 57 36 27 29 46 50 94 86 34 98 78 46 78 18 82 98 33 72 32 71 83 68 76 52 73 47 35 
34 42 11 28 98 81 53 26 86 41 10 100 77 27 85 62 83 71 12 12 52 56 31 53 87 16 19 19 53 10 
40 32 98 75 85 68 79 21 91 30 79 94 75 33 86 90 18 26 43 33 53 16 94 26 91 35 15 100 54 35 
21 31 54 92 92 45 64 24 93 14 33 46 79 60 69 91 27 73 39 11 16 31 72 82 31 39 42 48 64 54 
82 70 68 37 91 20 18 98 29 68 85 42 95 36 21 20 15 20 87 59 76 76 89 60 62 96 39 45 38 47 
57 22 17 13 77 38 74 26 57 51 80 25 16 32 19 92 55 76 14 31 26 76 99 17 87 42 98 39 70 42 
77 39 65 50 16 32 31 18 22 47 42 45 98 92 15 67 52 31 52 73 32 24 27 64 19 95 83 52 44 94 
49 55 80 28 75 68 71 45 89 56 59 49 40 37 83 34 89 59 31 10 18 17 86 100 95 72 78 46 99 55 
95 42 46 38 74 64 69 99 28 68 29 48 85 45 70 72 79 46 85 32 27 55 43 89 33 43 16 59 54 81 
81 47 67 94 65 11 87 30 75 86 93 91 32 22 69 80 72 88 23 41 93 33 96 49 60 75 75 81 47 16 
43 60 85 61 39 20 35 30 62 59 62 44 80 63 61 55 39 91 95 84 86 13 19 44 100 71 11 64 74 59 
16 28 80 70 79 62 99 25 20 55 27 58 76 75 43 14 42 43 93 10 59 16 60 92 87 57 16 61 93 53 
90 39 39 71 81 83 55 19 61 33 34 89 20 59 34 61 88 95 23 54 22 35 28 48 64 10 64 83 87 75 
98 32 26 88 22 52 74 97 57 32 34 14 13 15 43 99 42 32 29 92 79 94 41 31 12 87 45 95 10 59 
88 33 98 62 84 96 43 48 74 53 46 13 75 88 73 55 38 17 47 27 38 23 89 54 32 86 48 71 20 92 
22 88 100 81 62 86 40 63 87 53 30 29 28 51 91 90 91 53 14 69 81 88 84 86 75 86 14 83 83 68 
29 98 97 97 24 84 27 27 86 93 35 34 74 81 20 89 71 75 58 22 25 30 47 43 83 75 28 55 82 96 


62145

物品价值之和为：83382