1000 1 50592

23 20 39 29 16 94 57 72 99 85 49 81 12 35 81 74 59 66 32 57 10 27 25 49 43 77 57 52 95 80 42 74 42 80 89 46 14 17 100 84 
35 20 66 33 35 63 88 43 17 39 79 45 62 91 12 41 88 60 72 51 31 67 23 99 21 43 46 90 82 75 44 16 45 59 20 79 40 96 99 41 
78 75 61 24 47 99 25 21 82 68 32 74 84 22 47 31 51 64 50 83 17 36 31 67 91 11 52 29 39 41 51 89 78 65 36 18 41 31 16 75 
55 78 90 40 75 56 55 62 42 27 56 86 78 44 92 69 74 90 42 59 100 95 77 65 26 94 33 69 28 87 37 75 18 31 97 90 66 31 14 31 
71 20 77 83 78 82 62 47 74 42 73 63 21 48 40 33 39 95 56 72 95 61 87 24 59 20 99 57 27 40 74 90 54 22 83 93 60 23 38 12 
27 96 63 61 24 68 49 15 21 12 11 14 67 59 93 50 47 84 27 99 99 37 81 52 98 20 48 54 24 30 67 56 73 11 83 66 33 95 38 58 
18 49 89 72 69 23 47 81 30 68 27 86 20 79 72 69 27 23 47 78 67 41 56 86 52 10 38 80 21 33 72 73 50 80 51 53 54 13 63 88 
32 66 61 77 47 100 38 22 45 34 63 63 99 14 96 26 85 76 94 54 18 82 96 15 62 11 79 53 68 80 23 77 13 34 10 91 44 54 65 79 
84 19 36 29 75 80 43 16 79 74 84 56 62 42 88 52 89 98 54 39 99 21 46 36 49 32 69 81 93 91 93 37 75 31 16 45 30 97 51 47 
46 18 11 84 76 95 56 52 98 99 33 53 22 63 84 58 66 81 75 85 22 87 60 67 34 44 36 42 26 62 67 56 33 60 21 34 34 21 33 83 
29 83 83 39 30 24 15 50 50 70 70 77 45 96 53 66 20 30 100 17 11 62 47 27 48 25 46 30 57 36 35 51 62 85 38 53 86 58 13 18 
17 82 44 52 26 74 95 93 40 84 67 25 82 41 45 47 65 73 67 86 99 22 27 89 12 49 91 83 31 31 70 39 11 14 25 40 21 21 58 62 
24 88 36 41 89 39 57 73 37 76 67 16 44 71 32 47 49 75 11 78 71 17 32 23 17 51 37 94 77 83 78 57 72 58 19 12 97 98 31 77 
98 15 100 73 99 65 90 81 24 94 20 36 45 12 64 71 49 23 56 37 34 56 94 88 91 41 70 81 15 48 19 24 21 97 12 52 97 84 59 45 
53 48 58 99 95 31 76 34 14 53 82 25 63 84 86 94 67 40 46 79 23 43 19 97 46 78 80 67 52 65 41 96 21 75 42 81 35 42 57 71 
96 78 42 39 18 62 17 38 89 19 18 37 28 73 70 14 64 28 32 69 52 50 10 18 50 22 72 83 22 56 89 83 59 14 10 73 25 24 88 85 
20 98 51 25 32 88 74 88 47 26 40 82 97 100 69 94 40 13 42 38 60 40 22 23 90 64 77 65 94 18 15 26 79 12 62 20 86 100 16 45 
70 19 95 26 98 57 57 80 85 51 87 88 31 53 77 47 29 44 10 69 89 11 52 51 75 65 27 47 67 61 76 99 10 28 94 77 84 61 21 27 
84 42 27 84 56 12 75 21 42 23 96 25 29 63 18 10 50 76 29 45 43 35 18 78 51 21 72 80 55 66 33 95 16 18 28 36 52 53 100 63 
47 77 43 83 24 56 91 67 50 84 28 79 86 94 18 40 34 43 46 40 47 18 38 65 84 47 21 17 62 74 53 10 12 39 94 14 60 60 41 69 
21 41 17 11 57 54 46 49 61 77 69 93 76 22 92 30 61 99 98 10 46 95 56 22 67 12 97 31 100 40 75 13 32 12 66 18 74 89 98 68 
24 61 14 39 82 77 89 93 26 40 76 54 91 23 80 62 21 55 69 53 58 63 55 37 86 76 19 22 14 65 65 37 38 99 65 73 51 41 61 35 
41 71 54 25 23 53 78 98 62 98 91 83 56 75 23 80 77 51 46 82 10 70 33 47 27 53 51 54 54 68 73 46 92 85 47 33 39 66 88 29 
77 84 86 43 55 15 100 36 74 71 40 27 51 80 20 36 87 62 54 52 88 48 42 69 83 92 96 67 19 25 93 49 80 78 44 75 76 61 86 28 
42 74 34 11 72 54 35 79 45 80 77 19 89 26 30 30 99 95 95 58 44 17 100 85 93 32 13 87 38 43 38 95 97 61 82 95 32 17 44 29 


 81 25 12 63 100 11 72 74 38 36 60 63 34 85 49 45 54 71 14 91 51 25 88 47 34 42 53 10 69 52 49 74 77 64 43 41 58 74 80 52 
49 65 100 74 14 12 99 48 81 30 20 61 76 37 47 53 47 83 44 84 46 72 51 48 76 29 35 73 28 29 84 23 74 22 30 93 27 42 77 38 
74 67 13 74 99 53 14 62 82 30 73 63 91 89 75 75 99 18 49 60 64 63 64 67 81 98 16 65 48 56 50 99 72 38 42 69 51 51 86 17 
96 80 14 33 38 57 18 33 60 35 78 41 56 78 89 62 59 35 13 99 97 56 82 29 88 74 82 33 26 23 93 84 21 41 86 21 66 92 12 39 
74 59 20 20 51 96 17 65 73 85 32 60 60 39 33 30 71 13 86 61 88 68 68 12 18 78 13 47 100 84 54 35 77 93 76 57 68 41 47 26 
22 47 38 19 75 80 71 66 15 60 32 46 90 33 12 30 56 51 81 100 76 63 73 19 27 100 80 93 59 45 78 77 43 71 20 93 43 57 16 78 
39 29 74 20 94 24 93 92 37 56 97 96 87 76 68 42 85 58 88 96 43 17 65 15 98 12 50 78 33 11 41 32 51 61 42 86 63 93 14 78 
81 67 21 41 60 66 16 65 14 64 41 89 64 49 85 68 84 34 74 25 85 97 72 74 84 28 61 19 87 26 58 69 43 79 49 26 56 88 61 28 
36 85 56 76 20 78 63 100 92 70 53 99 53 38 80 68 30 19 64 43 56 14 81 58 73 96 99 16 78 78 12 69 28 27 79 17 89 36 22 80 
82 79 18 44 57 23 30 93 36 63 88 45 11 92 53 14 18 59 78 41 93 59 96 71 23 92 82 67 74 70 29 90 61 10 78 56 26 52 64 43 
29 79 73 74 61 63 98 10 88 93 20 93 35 73 86 100 51 95 28 84 22 87 92 60 74 24 69 24 12 32 57 56 100 13 96 74 75 21 28 84 
45 73 35 42 27 94 46 94 45 55 45 51 62 78 32 45 79 23 18 79 48 28 91 47 57 51 88 90 92 91 90 100 59 66 94 63 10 85 21 44 
94 84 52 11 38 52 56 31 50 86 87 70 85 34 43 37 33 59 30 68 93 10 65 68 93 61 26 49 77 35 32 18 88 18 52 38 66 83 46 51 
99 27 68 25 97 81 56 99 48 93 77 57 74 65 97 32 95 28 24 75 90 49 22 58 29 53 15 91 52 50 13 49 24 96 38 79 100 49 16 44 
78 27 13 88 95 66 64 74 99 65 79 99 41 25 52 14 52 62 68 89 79 28 88 78 62 19 39 99 56 19 11 80 75 45 45 57 94 47 99 60 
66 29 91 60 29 14 43 76 64 87 31 91 46 23 58 60 54 33 68 91 19 15 49 12 24 61 26 42 45 89 27 90 78 17 22 76 90 21 62 36 
15 79 97 13 83 17 20 91 27 28 78 67 59 72 14 68 76 69 32 92 44 92 81 30 45 80 66 72 44 91 29 43 27 85 23 55 82 52 11 52 
40 93 27 25 34 52 65 50 62 53 31 41 27 29 66 29 93 10 21 70 22 94 95 75 31 59 55 65 24 11 94 96 65 67 95 47 84 64 72 65 
31 31 24 25 83 48 57 99 97 44 51 37 49 79 70 30 60 11 84 69 87 86 78 44 78 85 75 18 83 57 61 59 11 41 68 36 48 80 84 99 
58 41 29 18 47 100 56 81 71 48 13 92 47 16 79 16 50 76 65 16 15 47 76 62 20 16 15 75 92 13 90 94 90 43 53 30 37 33 89 49 
71 73 60 78 66 59 22 60 11 55 57 19 28 31 71 59 78 19 56 64 45 39 69 91 46 83 20 81 81 15 40 54 21 19 33 86 21 24 40 90 
30 11 90 32 59 95 39 28 47 18 46 36 36 42 39 41 72 80 10 76 34 65 61 78 49 66 57 59 31 15 30 46 69 46 99 30 97 75 64 39 
70 60 38 79 56 19 56 58 65 62 91 87 33 65 99 15 64 77 12 57 75 64 47 11 99 58 89 16 84 53 61 37 34 92 70 52 51 61 89 96 
20 65 51 59 11 25 77 18 33 11 25 76 38 47 56 68 21 23 85 91 56 95 22 55 55 14 58 31 11 44 80 36 25 19 51 93 62 62 28 62 
87 50 51 96 48 43 76 50 86 10 12 68 59 66 84 98 45 11 23 91 55 35 48 75 98 92 53 75 61 55 93 89 42 64 36 69 86 40 42 46 



41948