1200 1 61846



16  15  47  60  56  77  41  79  67  49  96  50  68  67  57  27  47  51  73  57  66  83  52  27  60  50  73  12  41  70  11  97  29  75  84  79  55  14  54  56  

75  63  48  80  90  100  35  14  79  63  51  14  100  58  93  58  86  86  30  21  67  46  56  56  81  86  83  96  26  92  37  80  87  29  93  91  47  80  65  41  

79  47  96  65  66  88  18  25  14  20  40  97  55  28  44  55  83  84  66  10  26  82  72  29  22  58  57  75  16  84  97  10  77  81  86  97  82  60  44  17  

69  26  90  99  14  54  31  80  20  39  10  11  49  71  68  53  10  59  56  39  47  11  27  62  60  33  55  68  38  85  19  39  46  25  88  92  91  16  28  33  

83  15  73  14  96  92  92  28  86  66  25  60  85  32  25  44  68  18  62  42  74  97  34  99  28  24  78  50  40  68  64  59  37  28  80  26  56  55  91  57  

44  16  37  99  25  11  39  32  25  91  85  95  20  75  81  57  20  36  36  100  49  87  94  52  88  60  31  25  44  24  52  37  53  52  49  99  45  86  99  22  

37  38  85  28  85  67  62  46  13  97  68  91  64  46  43  84  29  64  91  95  29  99  31  82  33  97  95  86  96  81  75  71  23  16  49  91  94  51  93  20  
43  95  98  93  65  95  26  53  38  11  39  66  30  45  80  28  92  26  18  49  63  32  21  49  35  96  18  98  75  76  88  41  54  64  30  12  35  80  45  55  

74  99  37  70  87  13  77  56  84  20  12  73  46  47  41  45  23  76  36  95  86  53  47  31  36  76  59  22  80  61  26  99  58  27  11  35  80  54  70  36  

25  60  100  52  20  35  20  66  31  46  42  95  37  23  80  14  28  59  84  55  90  39  67  67  76  30  92  32  66  75  52  42  56  95  44  27  76  73  59  20  

84  99  50  14  69  71  44  66  63  18  77  51  67  89  23  37  87  24  100  98  90  15  26  43  55  55  88  92  69  31  92  11  30  37  86  65  93  99  29  55  

52  72  10  51  20  63  88  100  94  36  37  26  95  11  23  84  74  94  16  97  97  36  46  49  14  10  67  71  78  54  12  83  95  52  36  29  19  42  37  44  

75  31  36  82  53  15  87  42  40  71  26  66  10  94  68  72  17  28  98  75  80  71  72  37  27  38  33  66  23  48  79  99  57  85  35  100  90  66  11  34  

100  83  72  36  72  90  84  35  28  99  47  57  84  67  18  90  84  10  93  68  43  96  39  49  75  77  44  56  64  82  82  38  51  37  39  11  64  56  10  97  

42  95  54  73  22  54  32  71  43  46  88  43  72  16  94  17  41  72  97  88  16  13  94  72  98  81  40  10  91  79  38  44  80  74  53  50  11  84  99  51  

76  21  17  33  52  91  91  56  98  84  66  80  99  67  54  55  24  46  61  12  19  84  78  56  74  46  38  30  25  31  31  78  76  16  30  23  31  54  83  32  

69  72  27  74  16  79  64  35  75  21  15  85  16  78  24  49  59  44  96  43  95  30  46  100  82  46  96  99  84  67  54  50  64  78  97  66  21  76  80  85  

72  37  98  75  62  69  22  62  68  86  46  38  14  80  35  41  94  92  38  18  56  100  27  26  28  32  58  88  16  31  72  19  15  52  37  78  90  74  92  37  

10  68  43  76  61  98  24  84  81  31  37  64  77  83  21  93  49  95  34  40  29  33  46  60  80  18  73  11  96  66  95  100  16  95  80  35  84  85  21  13  

69  52  22  66  33  25  90  95  52  16  23  81  84  59  12  24  59  53  15  10  48  30  24  54  89  64  89  54  38  34  49  58  67  11  91  57  79  10  18  99  
96  
93  11  100  31  22  99  50  31  40  38  13  33  54  31  45  73  11  40  84  85  57  15  46  83  85  99  47  10  100  55  22  89  14  33  38  83  14  60  53  

65  31  68  23  11  78  64  48  38  62  10  87  74  50  86  98  10  84  36  12  22  61  20  54  78  36  90  80  79  79  18  21  48  77  23  26  72  55  10  64  

81  70  77  28  45  38  42  100  81  22  49  72  36  67  76  16  86  15  46  48  39  85  12  98  92  52  46  54  38  53  60  88  74  67  41  80  66  36  21  56  

10  40  12  84  78  52  31  65  67  88  71  82  17  17  73  38  90  18  13  13  84  36  88  85  48  14  67  57  75  96  49  74  16  94  76  83  43  11  15  98  

82  53  19  15  62  40  50  95  70  39  84  93  89  59  44  21  11  73  36  71  36  32  47  21  69  17  45  81  17  42  26  100  11  51  13  75  28  82  79  32  

68  52  91  59  47  10  68  92  58  54  78  45  17  29  53  20  18  23  29  39  17  31  82  86  10  56  87  63  86  17  23  84  56  56  59  14  35  16  16  70  

26  74  79  27  27  40  32  84  93  49  24  52  77  34  98  24  44  15  61  60  94  60  84  81  99  75  57  21  75  96  94  81  89  48  60  65  53  38  75  23  

58  31  63  64  56  32  52  72  81  33  60  18  21  36  81  18  98  15  89  48  25  29  45  41  47  13  83  19  89  72  22  79  82  47  70  40  46  40  22  46  

29  75  72  36  74  100  55  38  39  99  57  94  50  84  47  58  66  75  33  23  45  70  85  77  41  99  45  70  89  66  100  92  82  45  63  63  73  84  66  22  

59  88  98  18  88  92  16  60  77  97  93  71  63  47  97  79  70  13  63  15  54  38  40  15  70  55  97  100  79  91  72  19  27  87  72  93  39  10  52  41  



96  11  55  22  47  51  21  95  37  67  42  42  83  32  85  14  64  33  16  52  91  35  19  89  93  95  41  50  29  97  12  93  98  76  81  32  18  14  56  80  
  
31  77  91  11  37  13  51  34  14  73  59  55  65  63  25  78  96  78  27  93  95  43  24  86  61  80  61  73  69  27  82  21  54  96  69  63  67  44  18  37  
  
65  50  84  91  89  12  75  24  73  46  33  49  73  56  45  91  36  70  44  30  40  11  47  40  69  77  20  65  14  80  100  11  84  69  10  57  50  47  76  26  
  
54  94  68  28  11  38  91  89  69  47  64  61  18  52  57  36  90  29  35  88  49  90  47  90  80  88  25  37  30  65  20  43  68  77  21  24  16  46  10  72  

  91  52  84  37  79  11  34  31  99  69  14  66  48  59  75  32  19  64  80  69  52  88  14  53  19  100  35  87  70  24  66  73  37  41  55  54  44  48  64  34  

  79  48  70  70  98  44  33  68  60  86  61  20  44  95  61  94  15  65  38  91  23  33  95  61  10  55  60  20  38  12  22  90  70  90  13  55  32  44  97  51  
  
51  87  41  35  100  72  88  97  46  43  73  91  25  41  51  21  31  70  68  54  22  61  23  66  59  67  54  36  37  36  38  64  42  41  30  86  94  92  46  86  

  11  57  36  52  81  18  31  70  28  48  97  78  85  46  50  95  94  26  99  100  58  24  44  70  10  82  96  18  75  98  22  24  95  15  39  83  67  70  76  90  

  84  28  41  15  49  13  83  89  66  64  78  81  86  37  17  73  15  67  55  43  76  64  38  66  51  50  31  46  96  96  30  38  54  75  91  88  89  97  72  73  

  50  71  58  99  55  65  92  10  76  61  77  84  51  47  50  87  34  25  96  58  46  40  25  72  27  57  53  40  21  30  46  31  18  97  38  65  68  24  99  78  

66  86  76  63  29  65  31  22  44  75  49  70  97  36  43  29  100  59  85  26  42  69  91  56  81  25  57  95  16  97  22  10  71  24  32  61  82  78  28  98  

82  11  38  48  68  11  31  84  10  56  67  28  23  45  37  51  29  66  93  55  35  88  39  74  66  21  82  86  21  71  31  46  56  47  49  65  49  44  63  46  

93  71  86  56  39  11  14  49  48  80  83  34  89  55  87  17  55  72  20  48  89  61  76  56  11  29  27  33  25  15  94  69  30  18  86  19  99  51  96  21  

77  44  61  40  97  27  17  91  78  54  17  66  80  75  79  87  36  71  83  70  67  99  47  65  91  19  92  13  92  64  45  17  75  50  26  24  18  13  33  75  

26  85  43  49  76  63  68  76  82  26  96  58  50  37  96  61  71  89  92  71  31  82  46  97  79  22  93  10  22  45  56  79  16  89  56  47  58  61  56  91  

46  55  73  30  47  15  27  72  93  73  93  15  66  20  60  39  97  11  24  97  99  23  56  84  92  51  11  62  66  29  18  98  97  45  51  60  59  43  67  25  

95  74  59  62  77  43  86  41  86  99  64  18  96  50  11  44  79  38  21  27  68  85  25  38  79  81  79  77  34  26  11  75  28  33  39  34  35  82  46  13  

93  49  50  79  34  67  25  25  43  83  33  34  68  52  64  88  70  80  79  20  30  27  57  63  44  35  96  83  30  16  24  81  24  42  44  81  43  82  54  53  

47  37  73  58  50  75  25  24  66  74  89  47  32  11  84  43  21  37  75  61  72  68  68  21  40  30  84  68  74  10  86  31  68  77  90  45  15  44  78  18  

91  27  66  68  94  73  100  27  76  54  56  53  42  70  98  16  18  94  69  98  70  70  11  33  55  92  94  32  59  81  90  27  10  69  79  12  59  33  21  69  

15  27  82  29  72  17  50  48  27  20  76  92  27  75  30  28  11  71  78  12  22  80  86  83  61  10  28  23  95  11  27  33  40  95  90  63  86  41  13  96  

42  72  97  44  29  51  40  87  92  70  48  64  54  35  74  14  36  16  70  89  12  44  83  70  79  63  71  69  40  89  100  74  35  85  51  60  23  98  43  51  

83  37  57  81  86  50  38  54  61  43  97  39  47  33  57  61  84  16  90  12  33  50  73  11  80  59  94  96  74  42  74  98  14  52  82  28  25  53  73  58  

10  59  90  71  67  42  43  84  67  22  16  53  52  74  94  21  99  11  34  57  20  53  52  61  54  69  41  84  95  75  89  67  18  67  22  17  16  43  95  16  

22  23  25  51  22  23  45  51  31  61  60  64  65  81  74  57  11  30  48  27  16  65  17  51  83  38  64  94  62  98  53  59  47  15  15  94  84  79  53  54  

28  73  99  61  28  71  63  51  59  84  36  24  16  99  30  20  84  56  29  75  87  26  84  92  52  31  66  38  90  24  55  87  84  59  44  33  22  44  21  47  

28  44  34  82  65  73  20  51  94  71  88  85  38  53  50  80  66  51  13  32  26  10  27  35  28  47  10  34  78  24  36  82  89  51  43  28  90  91  54  36  

64  88  32  15  67  76  13  47  40  100  40  97  65  92  25  44  60  73  17  94  12  81  50  15  62  37  99  58  44  38  15  70  12  88  54  14  56  26  96  36  

34  87  89  64  43  53  51  92  69  97  71  64  25  51  98  84  32  63  87  22  76  56  11  53  70  71  91  24  76  12  33  71  76  87  98  65  97  43  43  78  

28  64  77  14  62  60  89  10  45  15  14  12  66  83  42  14  84  56  40  57  58  29  38  99  71  95  73  29  24  42  26  84  87  52  41  59  20  93  39  18  



49485
