1500 1 77033

34 49 54 14 51 88 34 53 69 49 77 43 58 80 23 39 16 57 99 49 12 81 59 32 10 25 43 57 95 42 
76 47 47 44 46 51 76 35 28 84 74 30 27 77 35 66 35 88 17 79 62 12 88 72 31 23 21 46 82 44 
91 75 99 49 64 64 81 16 48 50 72 42 51 86 78 61 47 25 82 32 84 47 51 50 17 31 91 52 39 51 
56 89 59 13 97 82 88 82 26 93 21 86 66 12 55 90 75 55 42 56 78 92 74 42 100 77 26 33 28 37 
60 33 71 86 88 68 18 13 100 54 77 76 68 47 71 77 78 62 74 73 21 40 39 56 95 87 59 99 27 74 
90 12 56 81 76 73 27 80 59 78 43 20 43 16 27 63 24 49 21 11 67 93 47 27 99 81 98 48 24 67 
87 68 85 88 43 65 98 50 33 41 51 42 63 14 18 89 69 47 30 27 20 72 27 47 67 56 52 38 21 72 
64 85 84 74 85 72 84 61 87 58 43 49 56 61 32 61 47 38 45 63 99 96 85 94 18 96 62 79 68 23 
53 80 30 64 56 81 73 99 78 12 28 79 89 22 84 36 75 43 79 84 62 88 89 54 99 46 49 69 93 93 
11 53 18 78 93 96 23 82 74 29 61 78 26 64 46 11 76 56 98 33 22 84 66 75 22 60 34 36 26 67 
35 86 51 28 22 92 74 69 12 57 100 96 75 28 29 83 30 15 50 70 45 53 20 100 11 47 48 46 57 35 
62 32 79 18 48 91 57 88 92 90 59 94 10 21 17 44 26 95 40 67 82 45 65 67 99 27 12 91 31 70 
85 43 33 30 93 65 93 26 77 32 88 52 66 46 24 36 89 57 37 67 44 32 49 11 71 32 17 37 77 78 
74 97 95 24 90 22 29 15 52 13 24 38 100 16 98 100 99 90 24 20 45 64 49 56 34 94 91 70 15 19 
41 52 52 68 79 88 62 39 56 11 75 45 94 99 53 58 95 76 14 82 63 86 67 46 23 19 46 80 52 41 
46 58 54 68 19 49 24 26 45 27 78 22 90 62 96 42 18 17 89 18 28 70 64 32 52 10 50 72 22 89 
59 14 76 32 44 81 45 66 44 29 27 23 82 11 20 51 32 74 47 40 97 69 40 42 60 22 90 77 94 15 
27 66 93 21 22 95 31 55 24 94 65 95 84 72 70 95 98 57 85 87 31 77 29 10 89 52 75 27 67 76 
49 70 60 84 87 78 78 75 83 61 11 68 48 84 84 27 56 75 42 96 29 18 50 29 43 18 51 72 55 33 
47 79 50 65 15 76 20 15 92 90 90 53 37 89 47 43 24 91 50 28 86 18 34 46 47 38 84 21 62 53 
28 71 78 56 45 69 46 20 81 40 21 33 21 40 21 17 57 46 61 69 76 92 61 98 46 56 67 97 100 75 
36 39 72 10 34 61 49 57 31 30 69 99 97 64 24 14 82 89 26 76 91 80 21 69 58 55 86 19 14 65 
33 99 64 12 75 47 99 89 84 61 34 70 51 89 41 54 23 78 62 91 56 23 77 46 10 33 27 51 54 73 
38 56 21 85 56 22 55 58 11 80 25 51 62 28 77 86 55 100 74 40 51 20 87 54 88 42 83 96 19 93 
59 84 45 23 55 48 98 53 61 93 42 36 86 42 42 34 72 35 45 77 89 30 99 95 44 100 93 13 38 38 
85 45 71 91 25 47 42 10 52 74 64 41 74 52 20 29 94 72 85 81 35 74 66 57 27 49 77 52 80 74 
37 53 83 84 72 48 29 73 29 23 22 93 42 38 20 33 63 43 39 45 91 41 60 51 67 99 43 90 75 16 
89 75 18 60 63 67 98 65 56 99 38 69 51 17 75 24 99 21 68 74 22 31 64 83 36 67 11 29 41 89 
78 62 35 99 56 29 74 33 23 84 41 21 92 39 78 40 56 62 27 86 44 69 90 59 95 65 94 69 87 75 
39 30 13 61 68 12 78 47 84 35 93 57 41 26 20 83 82 47 42 63 48 33 95 72 61 24 20 57 40 90 
33 30 51 100 63 19 100 93 45 77 71 93 57 78 96 61 68 15 12 14 59 50 84 99 37 52 20 54 30 56 
76 42 58 96 17 15 12 78 11 32 61 86 93 78 49 72 23 81 68 86 79 69 23 78 41 86 10 80 33 73 
49 68 34 25 97 74 28 19 26 69 79 26 88 28 66 77 100 22 34 63 14 26 76 54 82 15 11 53 80 77 
38 68 19 43 14 58 96 16 78 69 27 17 36 80 19 29 80 16 74 56 42 52 98 39 21 36 32 81 91 37 
92 14 59 41 59 71 92 67 70 90 10 56 52 43 18 84 95 52 99 53 63 58 81 85 87 67 44 42 62 56 
73 100 95 84 87 60 24 24 32 56 13 74 21 84 83 39 24 50 70 77 96 66 30 17 62 27 25 30 36 51 
78 45 23 79 28 47 51 90 91 100 66 63 85 44 82 52 74 93 84 25 41 47 73 86 22 89 49 83 31 39 
34 37 59 68 10 68 61 49 35 18 18 38 83 51 88 41 39 73 76 16 71 47 75 78 17 23 51 94 83 57 
65 32 28 75 49 58 53 91 50 49 96 79 49 44 15 73 65 81 94 36 12 71 23 37 56 88 41 81 48 24 
25 14 62 89 28 78 19 99 19 80 45 57 47 60 48 99 31 34 53 25 84 94 40 79 43 97 78 67 65 96 
23 60 33 91 15 12 61 42 89 90 17 76 21 36 78 39 62 38 19 37 73 14 28 69 50 18 22 83 56 83 
72 68 69 92 92 30 80 72 91 43 85 55 52 52 98 25 88 88 26 82 100 94 13 38 40 23 64 65 18 26 
29 29 10 70 94 75 59 65 11 96 67 47 64 65 19 26 57 80 51 88 53 47 44 69 11 51 65 47 61 99 
79 30 11 69 86 44 85 18 57 59 41 36 80 99 42 84 12 21 23 25 63 10 76 45 35 78 21 80 66 95 
16 16 76 16 47 62 16 75 13 94 43 30 33 49 77 83 56 67 84 79 94 40 43 40 18 65 47 17 74 10 
31 59 19 64 39 91 83 81 15 54 19 86 24 90 41 11 54 49 77 93 22 30 99 10 95 22 12 31 40 13 
42 41 80 76 65 78 66 59 15 46 46 30 75 39 61 39 77 93 40 54 23 62 55 53 63 37 76 22 65 37 
65 15 77 57 64 11 58 16 53 37 92 52 61 96 71 25 53 98 98 83 75 80 51 82 70 47 53 54 68 46 
47 68 23 91 95 55 14 31 44 36 19 93 62 62 84 43 15 36 71 27 80 36 62 52 48 69 92 67 25 49 
66 98 11 91 35 75 92 75 55 89 64 69 40 46 74 11 54 79 80 19 26 30 95 58 17 85 32 87 43 95 


60 71 38 31 50 72 79 38 23 67 81 44 17 50 19 100 36 67 11 38 27 18 83 39 81 12 100 72 38 60 
13 77 91 72 40 60 66 56 38 60 34 68 37 48 89 89 49 31 68 91 27 44 73 60 49 100 14 99 81 20 
31 94 78 97 34 17 62 84 69 32 60 38 26 47 15 66 73 81 45 16 60 68 10 76 74 13 99 14 82 73 
46 65 23 48 78 60 35 37 86 69 22 27 75 74 87 29 10 10 39 32 11 13 35 37 96 14 38 18 60 78 
20 77 75 25 47 71 19 74 11 22 48 31 81 19 51 93 31 82 34 11 24 39 25 84 74 20 51 17 73 32 
50 67 86 46 96 48 75 89 46 56 15 30 40 44 32 22 46 28 56 100 58 97 28 83 22 38 75 71 15 32 
14 25 81 71 86 24 86 69 82 34 82 17 81 78 99 98 17 28 51 19 48 70 18 54 39 74 94 93 37 97 
100 34 100 54 91 73 84 88 24 63 60 21 80 23 61 66 90 98 83 93 47 17 13 49 81 21 60 16 14 41 
73 83 63 44 33 57 59 94 38 34 80 58 19 70 30 68 49 66 52 22 85 33 45 22 36 56 20 63 92 53 
65 46 42 61 57 82 43 95 67 81 100 72 39 31 89 11 38 15 57 28 27 22 31 62 82 18 57 30 36 88 
66 70 44 54 40 80 55 70 63 23 18 75 33 76 76 81 85 22 28 24 71 35 20 28 29 73 61 98 88 20 
85 36 99 24 69 94 40 64 14 80 75 95 45 33 87 91 72 47 62 80 93 80 49 48 45 35 27 46 45 45 
99 97 90 69 45 76 30 46 89 57 100 10 91 52 26 10 58 80 64 60 14 74 35 28 94 52 38 56 50 87 
49 62 26 76 19 18 65 22 76 63 19 62 79 88 59 56 26 24 69 70 90 64 87 72 99 68 97 56 48 77 
87 97 32 10 52 50 14 37 11 57 51 60 32 85 52 66 91 12 62 89 48 13 13 85 78 13 95 64 99 79 
46 56 32 92 60 98 77 51 77 22 22 72 51 53 76 34 83 87 79 65 51 86 99 35 66 91 29 43 64 31 
48 88 25 70 37 98 54 55 36 38 74 79 34 40 99 46 45 33 24 95 66 30 96 43 15 97 83 20 27 78 
91 30 40 14 67 68 99 79 78 88 37 85 48 59 70 98 53 45 86 35 77 55 99 60 40 27 34 65 62 31 
41 32 46 51 57 18 99 95 19 49 15 58 73 61 72 37 65 72 100 79 100 12 84 40 31 24 83 57 97 51 
83 91 66 24 38 80 22 69 30 15 25 41 84 94 89 61 69 89 70 23 94 68 13 92 58 29 47 56 71 13 
100 74 91 52 52 46 94 96 54 90 27 16 85 34 56 29 79 71 21 66 11 46 36 31 71 60 66 22 11 57 
81 98 71 84 22 35 11 52 89 33 71 34 46 36 52 22 50 22 63 66 44 79 75 46 30 90 59 39 47 46 
87 51 21 87 79 30 76 34 62 36 45 100 69 65 32 99 68 62 23 83 69 44 19 39 70 38 56 56 65 91 
70 77 53 97 22 23 76 16 48 30 16 45 23 91 61 29 35 72 96 38 12 91 95 45 20 51 11 77 33 25 
34 70 98 83 49 18 16 27 84 63 71 81 40 75 79 22 50 38 77 41 65 47 51 35 87 51 48 76 86 12 
31 12 55 34 88 73 82 41 73 61 87 89 11 28 41 14 32 56 89 33 57 44 99 68 25 63 11 74 36 63 
48 41 46 28 52 71 51 93 50 88 18 17 79 19 50 34 23 50 24 93 66 18 47 36 65 74 12 48 30 61 
64 17 99 94 36 51 29 11 52 29 45 54 51 77 56 78 28 57 53 74 22 99 83 97 67 74 53 62 30 63 
48 15 79 45 15 58 76 99 90 37 44 86 13 79 24 49 93 43 41 74 51 93 14 46 80 33 57 33 35 41 
79 79 99 15 69 37 62 25 68 63 56 52 19 35 99 56 63 69 37 23 47 52 66 29 59 20 96 65 85 60 
12 67 31 13 67 46 81 46 23 92 91 64 97 86 37 55 73 89 13 74 92 61 46 12 47 19 80 66 60 46 
73 58 52 10 76 23 17 46 29 57 68 28 65 66 24 18 87 88 44 16 46 54 64 79 29 20 24 92 56 96 
78 100 13 84 96 81 44 81 21 70 28 57 32 66 95 98 54 58 22 14 27 100 31 50 67 41 66 65 64 89 
96 37 77 93 43 28 28 56 58 71 16 24 94 96 71 48 41 97 23 57 84 12 85 18 85 76 78 100 70 99 
45 26 87 77 16 54 68 61 86 96 82 77 49 36 48 34 48 63 44 69 48 33 16 10 79 44 23 93 63 45 
15 61 57 28 88 37 21 73 31 66 48 54 14 67 85 95 20 12 67 31 45 39 31 29 79 74 63 10 93 93 
44 52 23 31 36 23 56 35 12 51 91 69 92 58 25 30 57 26 81 22 75 21 54 81 73 42 94 94 55 51 
69 45 80 91 60 97 19 99 23 68 100 13 99 89 50 27 98 52 48 31 65 77 96 84 84 11 52 31 86 70 
73 12 50 81 81 77 12 30 53 99 46 40 69 63 78 35 39 65 25 89 17 67 16 23 27 25 81 99 93 57 
18 41 25 26 16 57 14 55 89 48 41 49 76 64 66 71 40 22 43 88 21 27 50 67 27 88 66 74 65 99 
96 98 33 56 67 91 26 49 88 98 38 18 54 54 33 64 82 29 98 69 43 52 28 63 29 60 14 76 87 91 
58 62 76 15 13 74 56 56 100 57 43 71 72 95 41 45 24 100 51 89 60 34 83 28 79 13 17 91 28 67 
92 80 15 22 12 45 68 14 78 59 66 12 43 41 65 95 24 40 89 97 77 10 55 74 93 25 52 50 53 41 
38 67 20 12 75 68 56 97 90 44 64 39 46 28 40 85 24 48 23 96 99 20 79 100 31 25 48 99 44 37 
75 76 84 89 90 37 64 15 43 87 72 14 56 18 67 14 93 23 50 90 54 60 30 84 41 18 100 81 48 92 
44 23 51 65 95 17 40 56 75 59 98 43 14 69 57 85 80 59 93 58 10 91 82 79 73 78 59 60 55 19 
91 47 92 40 94 90 75 74 35 84 35 44 100 65 57 45 49 18 99 83 81 92 13 45 11 32 95 28 18 36 
16 16 91 72 78 18 20 66 81 54 25 40 38 83 67 50 33 49 52 32 41 73 76 10 60 79 19 58 62 87 
34 90 28 29 44 96 57 30 28 20 93 91 33 52 96 10 66 17 41 43 36 31 96 49 65 59 25 18 11 76 
66 85 89 31 85 66 100 67 49 23 33 31 65 18 30 35 99 60 29 71 85 58 40 39 50 96 43 50 10 68 


62015

 